predictions,references
pat,pat
meat,meat
air,air
swarm,swarm
no,no
storm,storm
usually minus several buttons,usually minus several buttons
dug,dug
feet,feet
train,train
he always answers banana oil,but he always answers banana oil
but he always answers banana oil,but he always answers banana oil
beat,beat
the quick brown fox jumps over the lazy dog,the quick brown fox jumps over the lazy dog
the quick brown fox jumps over the lazy dog,the quick brown fox jumps over the lazy dog
feet,feet
we have often urged him to walk morr and smoke less,we have often urged him to walk more and smoke less
rake,rake
four,for
grow,grow
one,one
two,two
rage,rage
swarm,swarm
beat,beat
form,form
farm,farm
horn,horn
sheet,sheet
ship,ship
air,air
left,left
sticks,sticks
glow,glow
born,born
corn,corn
right,right
well he is nearly ninety three years old,well he is nearly ninety three years old
feed,feed
rain,rain
tip,tip
down,down
store,store
he dresses himself in an ancient black frock coat,he dresses himself in an ancient black frock coat
storm,storm
grandfather likes to be modern in his language,grandfather likes to be modern in his language
torn,torn
yes,yes
pat,pat
meat,meat
meat,meat
air,air
swarm,swarm
no,no
storm,storm
usually minus several buttons,usually minus several buttons
dug,dug
feet,feet
train,train
he always answers banana oil,but he always answers banana oil
but he always answers banana oil,but he always answers banana oil
beat,beat
the quick brown fox jumps over the lazy dog,the quick brown fox jumps over the lazy dog
the quick brown fox jumps over the lazy dog,the quick brown fox jumps over the lazy dog
we have often urged him to walk re and smoke less,we have often urged him to walk more and smoke less
rake,rake
grow,grow
one,one
two,two
rage,rage
swarm,swarm
beat,beat
form,form
farm,farm
horn,horn
sheet,sheet
ship,ship
air,air
left,left
sticks,sticks
glow,glow
born,born
corn,corn
wright,right
well he is nearly ninety three years old,well he is nearly ninety three years old
feed,feed
feed,feed
rain,rain
tip,tip
down,down
store,store
he dresses himself in an ancient black frock coat,he dresses himself in an ancient black frock coat
storm,storm
grandfather likes to be modern in his language,grandfather likes to be modern in his language
torn,torn
yes,yes
left,left
air,air
torn,torn
born,born
sticks,sticks
storm,storm
rage,rage
beat,beat
swarm,swarm
usually minus several buttons,usually minus several buttons
store,store
no,no
grandfather likes to be modern in his language,grandfather likes to be modern in his language
tip,tip
grow,grow
two,two
but he always answers banana oil,but he always answers banana oil
air,air
rake,rake
glow,glow
horn,horn
yes,yes
the quick brown fox jumps over the lazy dog,the quick brown fox jumps over the lazy dog
feed,feed
swarm,swarm
rain,rain
corn,corn
write,right
feet,feet
ship,ship
form,form
four,for
train,train
feed,feed
pat,pat
beat,beat
we have often urged him to walk more and smoke less,we have often urged him to walk more and smoke less
one,one
feet,feet
down,down
meat,meat
farm,farm
sleep,sleep
both figures would go higher inlater years,both figures would go higher in later years
troop,troop
wish,wish
eight,ate
pot,pot
white,white
mother sews yellow gingham aprons,mother sews yellow gingham aprons
i just try to do my best,i just try to do my best
deer,deer
group,group
cheer,cheer
thigh,thigh
coupe,coupe
write,write
no,no
area,area
steer,steer
tile,tile
select,select
forward,forward
my sister made the flowered curtains,my sister made the flowered curtains
three,three
pat,pat
eite,ate
much,much
hate,hate
whoop,whoop
whoop,whoop
just one side got wet,just one side got wet
air,air
shoot,shoot
slay,slay
play,play
all the big baseball players get traded,all the big baseball players get traded
i scrubbed the floors thoroughly,i scrubbed the floors thoroughly
boot,boot
boot,boot
rocks,rocks
witch,witch
galore,galore
delta,delta
she is thinner than i am,she is thinner than i am
nothing is as offensive as innocence,nothing is as offensive as innocence
menu,menu
peer,peer
lip,lip
we gathered shells on the beach,we gathered shells on the beach
mere,mere
pad,pad
their house is grey and white,their house is grey and white
urgent,urgent
yes,yes
write,write
write,write
fouror,four
witch,witch
night after night they received annoying phone calls,night after night they received annoying phone calls
and,and
november,november
alfalfa is healthy for you,alfalfa is healthy for you
mush,mush
oscar,oscar
sell,sell
five,five
pit,pit
zero,zero
much,much
fat,fat
darn,darn
i expect we'll bounce back this week,i expect we'll bounce back this week
six,six
when all else fails use force,when all else fails use force
pit,pit
hat,hat
seed,seed
pitting,pitting
bloat,bloat
it was a good win for us,it was a good win for us
nothing has been done yet to take advantage of the enabling legislation,nothing has been done yet to take advantage of the enabling legislation
aluminum silverware can often be flimsy,aluminum silverware can often be flimsy
shy,shy
cake,cake
this is a period of transition for me,this is a period of transition for me
there is a treehouse up above,there is a treehouse up above
nine,nine
this is not a program of socialized medicine,this is not a program of socialized medicine
this is not a program of socialized medicine,this is not a program of socialized medicine
league,league
at,at
it eventually became a rather proud claim,it eventually became a rather proud claim
take,take
no,no
seven,seven
leak,leak
both injuries were to the same leg,both injuries were to the same leg
the job provides many benefits,the job provides many benefits
eight,eight
top,top
lima,lima
vat,vat
yes,yes
blow,blow
leak,leak
spain,spain
fill,fill
,fat
fat,fat
a roll of wire lay near the wall,a roll of wire lay near the wall
leak,leak
at,at
harm,harm
he wrapped the package hastily,he wrapped the package hastily
chop,chop
the books are very expensive,the books are very expensive
did dad do academic bidding,did dad do academic bidding
shell,shell
sin,sin
ticker,ticker
tin,tin
the pair of shoes was new,the pair of shoes was new
no,no
he really crucified him he nailed it for a yard loss,he really crucified him he nailed it for a yard loss
sheet,sheet
two,two
people who value themselves are life's winners,people who value themselves are life's winners
the owners regularly look for plumbing leaks,the owners regularly look for plumbing leaks
and,and
x ray,x-ray
lock,lock
sand,sand
ham,ham
wright,right
i'm willing to experiment for the first time,i'm willing to experiment for the first time
witch,witch
although lways alone we survive,although always alone we survive
we have an excellent team,we have an excellent team
nut,nut
sell,sell
please open the window quickly,please open the window quickly
sin,sin
shoot,shoot
slay,slay
play,play
all the big baseball players get traded,all the big baseball players get traded
i scrubbed the floors thoroughly,i scrubbed the floors thoroughly
boot,boot
boot,boot
rocks,rocks
witch,witch
galore,galore
delta,delta
she is thinner than i am,she is thinner than i am
nothing is as offensive as innocence,nothing is as offensive as innocence
menu,menu
peer,peer
lip,lip
we gathered shells on the beach,we gathered shells on the beach
mere,mere
pad,pad
their house is grey and white,their house is grey and white
urgent,urgent
yes,yes
write,write
write,write
four,four
witch,witch
night after night they received annoying phone calls,night after night they received annoying phone calls
and,and
november,november
alfalfa is healthy for you,alfalfa is healthy for you
mush,mush
oscar,oscar
sell,sell
five,five
pit,pit
zero,zero
much,much
fat,fat
darn,darn
i expect we'll bounce back this week,i expect we'll bounce back this week
six,six
when all else fails use force,when all else fails use force
pit,pit
hat,hat
seed,seed
pitting,pitting
it also provides for funds to clear slums and help colleges build dormitories,it also provides for funds to clear slums and help colleges build dormitories
bloat,bloat
it was a good win for us,it was a good win for us
nothing has been done yet to take advantage of the enabling legislation,nothing has been done yet to take advantage of the enabling legislation
aluminum silverware can often be flimsy,aluminum silverware can often be flimsy
shy,shy
cake,cake
this is a period of transition for me,this is a period of transition for me
there is a treehouse up above,there is a treehouse up above
nine,nine
this is not a program of socialized medicine,this is not a program of socialized medicine
this is not a program of socialized medicine,this is not a program of socialized medicine
league,league
at,at
it eventually became a rather proud claim,it eventually became a rather proud claim
take,take
no,no
seven,seven
leak,leak
both injuries were to the same leg,both injuries were to the same leg
the job provides many benefits,the job provides many benefits
eight,eight
top,top
lima,lima
vat,vat
yes,yes
blow,blow
leak,leak
spain,spain
fill,fill
fat,fat
fat,fat
a roll of wire lay near the wall,a roll of wire lay near the wall
leak,leak
at,at
harm,harm
he wrapped the package hastily,he wrapped the package hastily
chop,chop
the books are very expensive,the books are very expensive
did dad do academic bidding,did dad do academic bidding
shell,shell
sin,sin
ticker,ticker
tin,tin
the pair of shoes was new,the pair of shoes was new
no,no
he really crucified him he nailed it for a yard loss,he really crucified him he nailed it for a yard loss
sheet,sheet
two,two
people who value themselves are life's winners,people who value themselves are life's winners
the owners regularly look for plumbing leaks,the owners regularly look for plumbing leaks
and,and
x ray,x-ray
lock,lock
sand,sand
ham,ham
wright,right
i'm willing to experiment for the first time,i'm willing to experiment for the first time
witch,witch
although lways alone we survive,although always alone we survive
we have an excellent team,we have an excellent team
nut,nut
sell,sell
please open the window quickly,please open the window quickly
sin,sin
dug,dug
pat,pat
farm,farm
no,no
grow,grow
corn,corn
storm,storm
yes,yes
swarm,swarm
the quick brown fox jumps over the lazy dog,the quick brown fox jumps over the lazy dog
form,form
feet,feet
left,left
tip,tip
feet,feet
we have often urged him to walk more and smoke less,we have often urged him to walk more and smoke less
feed,feed
air,air
store,store
sticks,sticks
rage,rage
rain,rain
down,down
beat,beat
beat,beat
rake,rake
he dresses himself in an ancient black frock coat,he dresses himself in an ancient black frock coat
but he always answers banana oil,but he always answers banana oil
but he always answers banana oil,but he always answers banana oil
horn,horn
ship,ship
usually minus several buttons,usually minus several buttons
usually minus several buttons,usually minus several buttons
four,for
torn,torn
glow,glow
storm,storm
born,born
two,two
train,train
writ,right
air,air
grandfather likes to be modern in his language,grandfather likes to be modern in his language
swarm,swarm
feed,feed
sheet,sheet
one,one
meat,meat
thigh,thigh
pot,pot
steer,steer
mother sews yellow gingham aprons,mother sews yellow gingham aprons
write,write
air,air
he will allow a rare lie,he will allow a rare lie
wish,wish
slay,slay
boot,boot
hear,hear
nothing is as offensive as innocence,nothing is as offensive as innocence
we gathered shells on the beach,we gathered shells on the beach
rocks,rocks
delta,delta
play,play
ate,ate
whoop,whoop
sleep,sleep
galore,galore
yes,yes
their house is grey and white,their house is grey and white
ate,ate
urgent,urgent
deer,deer
white,white
i just try to do my best,i just try to do my best
coupe,coupe
troop,troop
group,group
dug,dug
pat,pat
farm,farm
no,no
grow,grow
corn,corn
storm,storm
yes,yes
swarm,swarm
the quick brown fox jumps over the lazy dog,the quick brown fox jumps over the lazy dog
form,form
feet,feet
left,left
tip,tip
feet,feet
we have often urged him to walk more and smoke less,we have often urged him to walk more and smoke less
feed,feed
air,air
store,store
sticks,sticks
rage,rage
rain,rain
down,down
beat,beat
beat,beat
rake,rake
he dresses himself in an ancient black frock coat,he dresses himself in an ancient black frock coat
but he always answers banana oil,but he always answers banana oil
but he always answers banana oil,but he always answers banana oil
horn,horn
ship,ship
usually minus several buttons,usually minus several buttons
usually minus several buttons,usually minus several buttons
for,for
torn,torn
glow,glow
storm,storm
born,born
two,two
train,train
writ,right
air,air
grandfather likes to be modern in his language,grandfather likes to be modern in his language
swarm,swarm
feed,feed
sheet,sheet
one,one
meat,meat
thigh,thigh
pot,pot
steer,steer
mother sews yellow gingham aprons,mother sews yellow gingham aprons
write,write
air,air
he will allow a rare lie,he will allow a rare lie
wish,wish
slay,slay
boot,boot
hear,hear
nothing is as offensive as innocence,nothing is as offensive as innocence
we gathered shells on the beach,we gathered shells on the beach
rocks,rocks
delta,delta
play,play
ate,ate
whoop,whoop
sleep,sleep
galore,galore
yes,yes
their house is grey and white,their house is grey and white
hate,ate
urgent,urgent
deer,deer
white,white
i just try to do my best,i just try to do my best
coupe,coupe
troop,troop
group,group
no,no
left,left
left,left
left,left
left,left
grandfather likes to be modern in his language,grandfather likes to be modern in his language
grandfather likes to be modern in his language,grandfather likes to be modern in his language
storm,storm
swarm,swarm
swarm,swarm
writ,right
rake,rake
meat,meat
form,form
tip,tip
beat,beat
he dresses himself in an ancient black frock coat,he dresses himself in an ancient black frock coat
he dresses himself in an ancient black frock coat,he dresses himself in an ancient black frock coat
he dresses himself in an ancient black frock coat,he dresses himself in an ancient black frock coat
he dresses himself in an ancient black frock coat,he dresses himself in an ancient black frock coat
swarm,swarm
farm,farm
pat,pat
pat,pat
sticks,sticks
beat,beat
corn,corn
four,for
ship,ship
two,two
feed,feed
born,born
dug,dug
usually minus several buttons,usually minus several buttons
feet,feet
feed,feed
air,air
feet,feet
rage,rage
glow,glow
store,store
sheet,sheet
train,train
down,down
horn,horn
yes,yes
grow,grow
we have often urged him to walk more and smoke less,we have often urged him to walk more and smoke less
torn,torn
air,air
rain,rain
but he always answers banana oil,but he always answers banana oil
the quick brown fox jumps over the lazy dog,the quick brown fox jumps over the lazy dog
one,one
storm,storm
white,white
group,group
nothing is as offensive as innocence,nothing is as offensive as innocence
three,three
cheer,cheer
slay,slay
galore,galore
tile,tile
all the big baseball players get traded,all the big baseball players get traded
area,area
she is thinner than i am,she is thinner than i am
mother sews yellow gingham aprons,mother sews yellow gingham aprons
hear,hear
urgent,urgent
select,select
write,write
mere,mere
eate,ate
much,much
steer,steer
whoop,whoop
rocks,rocks
i scrubbed the floors thoroughly,i scrubbed the floors thoroughly
i scrubbed the floors thoroughly,i scrubbed the floors thoroughly
ate,ate
their house is grey and white,their house is grey and white
four,four
both figures would go higher in later years,both figures would go higher in later years
both figures would go higher in later years,both figures would go higher in later years
just one side got wet,just one side got wet
coupe,coupe
write,write
witch,witch
witch,witch
delta,delta
play,play
he will allow a rare lie,he will allow a rare lie
i just try to do my best,i just try to do my best
i just try to do my best,i just try to do my best
forward,forward
my sister made the flowered curtains,my sister made the flowered curtains
pot,pot
pad,pad
air,air
shoot,shoot
yes,yes
deer,deer
lip,lip
sleep,sleep
thigh,thigh
hate,hate
wish,wish
no,no
peer,peer
pat,pat
we gathered shells on the beach,we gathered shells on the beach
menu,menu
troop,troop
boot,boot
chop,chop
both injuries were to the same leg,both injuries were to the same leg
the books are very expensive,the books are very expensive
the books are very expensive,the books are very expensive
there is a treehouse up above,there is a treehouse up above
i expect we'll bounce back this week,i expect we'll bounce back this week
six,six
this is not a program of socialized medicine,this is not a program of socialized medicine
take,take
bloat,bloat
cake,cake
a roll of wire lay near the wall,a roll of wire lay near the wall
seed,seed
fill,fill
pit,pit
yes,yes
when all else fails use force,when all else fails use force
it was a good win for us,it was a good win for us
the job provides many benefits,the job provides many benefits
fat,fat
hat,hat
pit,pit
at,at
fat,fat
nine,nine
he wrapped the package hastily,he wrapped the package hastily
leak,leak
pitting,pitting
this is a period of transition for me,this is a period of transition for me
at,at
spain,spain
five,five
shy,shy
league,league
eight,eight
lima,lima
vat,vat
leak,leak
mush,mush
and,and
november,november
night after night they received annoying phone calls,night after night they received annoying phone calls
darn,darn
seven,seven
alfalfa is healthy for you,alfalfa is healthy for you
much,much
blow,blow
oscar,oscar
it eventually became a rather proud claim,it eventually became a rather proud claim
top,top
witch,witch
aluminum silverware can often be flimsy,aluminum silverware can often be flimsy
nothing has been done yet to take advantage of the enabling legislation,nothing has been done yet to take advantage of the enabling legislation
zero,zero
sell,sell
no,no
leak,leak
ticker,ticker
the owners regularly look for plumbing leaks,the owners regularly look for plumbing leaks
zulu,zulu
it's fun to roast marshmallows on a gas burner,it's fun to roast marshmallows on a gas burner
the wait for work can be very long,the wait for work can be very long
white capped waves covered the entire bay,white-capped waves covered the entire bay
then we'd really have someplace to go,then we'd really have someplace to go
bed,bed
and,and
ship,ship
flicker,flicker
bread,bread
you want him to do well,you want him to do well
sicker,sicker
people who value themselves are life's winners,people who value themselves are life's winners
sin,sin
meat,meat
he really crucified him he nailed it for a yard loss,he really crucified him he nailed it for a yard loss
sheet,sheet
shell,shell
x ray,x-ray
the pair of shoes was new,the pair of shoes was new
help greg to pick a peck of potatoes,help greg to pick a peck of potatoes
fork,fork
said,said
one,one
witch,witch
ham,ham
i'm willing to experiment for the first time,i'm willing to experiment for the first time
get a calico cat to keep,get a calico cat to keep
he took me out one day,he took me out one day
only lawyers love millionaires,only lawyers love millionaires
litter,litter
sink,sink
red,red
nut,nut
two,two
ned,ned
sit,sit
left,left
being able to dance can help too,being able to dance can help too
hand,hand
yes,yes
rest,rest
please open the window quickly,please open the window quickly
those musicians harmonize marvelously,those musicians harmonize marvelously
in,in
down,down
most young rise early every morning,most young rise early every morning
sin,sin
hand,hand
we bought a brown chair,we bought a brown chair
quicker,quicker
four,four
shoot,shoot
we have an excellent team,we have an excellent team
romeo,romeo
travel is about the only leisure we have,travel is about the only leisure we have
sell,sell
a,a
nod,nod
this is a good place though small,this is a good place though small
liquor,liquor
beg that guard for one gallon of gas,beg that guard for one gallon of gas
lock,lock
no,no
you can ride stagecoach,you can ride stagecoach
did dad do academic bidding,did dad do academic bidding
sand,sand
tin,tin
neat,neat
although always alone we survive,although always alone we survive
dead,dead
wright,right
wit,wit
i called two different painters,i called two different painters
air,air
cheer,cheer
stimulating discussions keep students' attention,stimulating discussions keep students' attention
help celebrate your brother's success,help celebrate your brother's success
lake,lake
thread,thread
forward,forward
sheet,sheet
don't do charlie's dirty dishes,don't do charlie's dirty dishes
sew,sew
no,no
sort,sort
boot,boot
select,select
sin,sin
catch,catch
he played basketball there while working toward a law degree,he played basketball there while working toward a law degree
coconut cream pie makes a nice dessert,coconut cream pie makes a nice dessert
ride,ride
meat,meat
we selected places where families will be welcome,we selected places where families will be welcome
cakes,cakes
bill,bill
only the most accomplished artists obtain popularity,only the most accomplished artists obtain popularity
short,short
in,in
said,said
menu,menu
shoot,shoot
shin,shin
bill,bill
leak,leak
much,much
coat,coat
some prefer the traditional steel kind,some prefer the traditional steel kind
cork,cork
old,old
weep,weep
biblical scholars argue history,biblical scholars argue history
he,he
rid,rid
quart,quart
shot,shot
there is definitely some ligament damage in his knee,there is definitely some ligament damage in his knee
sheep,sheep
ship,ship
snort,snort
pork,pork
in fact our whole defensive unit did a good job,in fact our whole defensive unit did a good job
sketch,sketch
who knows what you'll discover about yourself,who knows what you'll discover about yourself
blend,blend
shed,shed
the four brothers looked identical,the four brothers looked identical
rake,rake
dead,dead
sew,sew
critical equipment needs proper maintenance,critical equipment needs proper maintenance
see,see
shop,shop
heat,heat
suddenly my reflexes are gone,suddenly my reflexes are gone
gill,gill
show,show
read,read
the results were very disappointing,the results were very disappointing
tug,tug
cash,cash
stretch,stretch
steak,steak
ray,ray
fort,fort
lee,lee
beat,beat
hold,hold
bread,bread
i've kept it with me ever since,i've kept it with me ever since
that's what life is really all about,that's what life is really all about
rake,rake
red,red
fork,fork
yes,yes
shred,shred
sight,sight
the fish swam across the pond,the fish swam across the pond
she doesn't like to have it hanging around,she doesn't like to have it hanging around
tort,tort
meats,meats
life is short and precious,life is short and precious
eat,eat
sport,sport
young people participate in athletic activities,young people participate in athletic activities
trespassers can be prosecuted and fined,trespassers can be prosecuted and fined
etiquette mandates compliance with existing regulations,etiquette mandates compliance with existing regulations
sew,sew
a quick touchdown resulted,a quick touchdown resulted
the little girls cut lacy valentines,the little girls cut lacy valentines
gas,gas
dug,dug
geese,geese
mill,mill
bill,bill
barb's gold bracelet was a graduation present,barb's gold bracelet was a graduation present
reap,reap
write,write
dill,dill
four,four
chop,chop
lend,lend
three,three
foe,foe
rise,rise
he asked you for a loan,he asked you for a loan
do they make any money,do they make any money
toe,toe
geese,geese
threat,threat
port,port
blend,blend
lip,lip
i scream to warm up my voice,i scream to warm up my voice
rip,rip
wise,wise
i think i'm full of this stuff,i think i'm full of this stuff
bend,bend
muck,muck
night,night
snake,snake
cake,cake
i haven't seen that friend for years,i haven't seen that friend for years
seven,seven
eight,eight
five,five
bumper,bumper
geese,geese
nine,nine
six,six
basketball can be an entertaining sport,basketball can be an entertaining sport
neat,neat
coat,coat
ash,ash
fit,fit
sheer,sheer
at twilight on the twelfth day we'll have chablis,at twilight on the twelfth day we'll have chablis
hash,hash
worse luck was still to come,worse luck was still to come
the golfing fathers ruled in his favor,the golfing fathers ruled in his favor
reap,reap
hail,hail
code,code
elderly people are often excluded,elderly people are often excluded
beam,beam
yet he remains the fiercest of competitors,yet he remains the fiercest of competitors
knife,knife
three,three
four,four
nine,nine
me,me
pete,pete
addition and subtraction are learned skills,addition and subtraction are learned skills
gold can be found anywhere,gold can be found anywhere
gash,gash
i was pleased with the way things went,i was pleased with the way things went
eight,eight
she,she
i loved every minute of it,i loved every minute of it
it,it
reap,reap
i don't think it's a good idea,i don't think it's a good idea
fender,fender
woe,woe
five,five
member,member
beast,beast
she suggested we all have dinner together,she suggested we all have dinner together
zero,zero
sticks,sticks
so if anybody solicits by phone make sure you mail the dough to the above,so if anybody solicits by phone make sure you mail the dough to the above
beat,beat
ambidextrous pickpockets accomplish more,ambidextrous pickpockets accomplish more
guess,guess
they will take a wedding trip later,they will take a wedding trip later
her dark hair is combed casually,her dark hair is combed casually
seam,seam
seed,feed
beep,beep
i also can be quite vocal,i also can be quite vocal
it requires no big investment,it requires no big investment
cash,cash
six,six
that pickpocket was caught red handed,that pickpocket was caught red-handed
that pickpocket was caught red handed,that pickpocket was caught red-handed
we have a big house,we have a big house
mock,mock
dock,dock
see,sea
grandmother outgrew her upbringing in petticoats,grandmother outgrew her upbringing in petticoats
the sun died at night,the sun died at night
ember,ember
cheer,cheer
seat,seat
those people are much quicker than i am,those people are much quicker than i am
food,food
reef,reef
see,see
a fire in straw makes a quick blaze,a fire in straw makes a quick blaze
sender,sender
fork,fork
her classical performance gained critical acclaim,her classical performance gained critical acclaim
seven,seven
her position covers a number of daily tasks common to any social director,her position covers a number of daily tasks common to any social director
the marriage went well from the start,the marriage went well from the start
i tell you it was wonderful,i tell you it was wonderful
zero,zero
to,to
renter,renter
meat,meat
row,row
six,six
lender,lender
ape,ape
we just didn't look good,we just didn't look good
forks,forks
tender,tender
tea,tea
it was very popular with our fans,it was very popular with our fans
timber,timber
leap,leap
feet,feet
catastrophic economic cutbacks neglect the poor,catastrophic economic cutbacks neglect the poor
to,two
tail,tail
bender,bender
one,one
ache,ache
meat,meat
center,center
mom strongly dislikes appetizers,mom strongly dislikes appetizers
beef,beef
temper,temper
i had no desire to change my ways,i had no desire to change my ways
are,are
lip,lip
lip,lip
wax,wax
pet,pet
dock,dock
sheet,sheet
hat,hat
aid,aid
knock,knock
seat,seat
lies,lies
cheese,cheese
hatch,hatch
the lack of heat compounded the tenant's grievances,the lack of heat compounded the tenant's grievances
bunch,bunch
any contributions will be greatly appreciated,any contributions will be greatly appreciated
ache,ache
ease,ease
leaks,leaks
add,add
is,is
rake,rake
chocolate and roses never fail as a romantic gift,chocolate and roses never fail as a romantic gift
leap,leap
rise,rise
ease,ease
the legislature met to judge the state of public education,the legislature met to judge the state of public education
the legislature met to judge the state of public education,the legislature met to judge the state of public education
full,full
rip,rip
we are the largest of the four states,we are the largest of the four states
peas,peas
feet,feet
bun,bun
bunch,bunch
pit,pit
punch,punch
ail,ail
begin by trying to speak up more,begin by trying to speak up more
blend,blend
tall,tall
range was a vital detail,range was a vital detail
pill,pill
sell,sell
ate,ate
racks,racks
the structures housing the apartments are of masonry and frame construction,the structures housing the apartments are of masonry and frame construction
leak,leak
aches,aches
lit,lit
sticks,sticks
the singer's finger had a splinter,the singer's finger had a splinter
hail,hail
steak,steak
now i'm living exactly as i choose,now i'm living exactly as i choose
add,add
had,had
heat,heat
cash,cash
duck,duck
bunch,bunch
tile,tile
arm,arm
fat,fat
harm,harm
fat,fat
i wanted to be an actress,i wanted to be an actress
at,at
wax,wax
fell,fell
academic aptitude guarantees your diploma,academic aptitude guarantees your diploma
charm,charm
it was a great meeting,it was a great meeting
he has played very well,he has played very well
be prepared for odd behavior from friends,be prepared for odd behavior from friends
mile,mile
feet,feet
rakes,rakes
pat,pat
take,take
we talked about the situation,we talked about the situation
row,row
ache,ache
ease,ease
the job also covers a number of other items,the job also covers a number of other items
have no fear if you come alone,have no fear if you come alone
we all sat down and relaxed,we all sat down and relaxed
fill,fill
hall,hall
air,air
pit,pit
sake,sake
hat,hat
i didn't know where they were coming from,i didn't know where they were coming from
look for pockets of black sand,look for pockets of black sand
fill,fill
see,see
he'll sell them by the box,he'll sell them by the box
harm,harm
the plot is laced with mysterious incidents,the plot is laced with mysterious incidents
the plot is laced with mysterious incidents,the plot is laced with mysterious incidents
we shelled clams for the chowder,we shelled clams for the chowder
we experience distress and frustration obtaining our degrees,we experience distress and frustration obtaining our degrees
seed,seed
ticks,ticks
hash,hash
eigt,ate
the prowler wore a ski mask for disguise,the prowler wore a ski mask for disguise
there was no confirmation of such massive assaults from independent sources,there was no confirmation of such massive assaults from independent sources
chap,chap
reap,reap
chop,chop
dug,dug
lax,lax
we know we can score,we know we can score
munch,munch
try to work things out,try to work things out
this he added brought about petty jealousies and petty personal grievances,this he added brought about petty jealousies and petty personal grievances
steak,steak
pat,pat
is,is
even a simple vocabulary contains symbols,even a simple vocabulary contains symbols
end,end
the eastern coast is a place for pure pleasure and excitement,the eastern coast is a place for pure pleasure and excitement
cat,cat
dial,dial
tile,tile
low,low
hold,hold
hall,hall
tall,tall
cold,cold
whip,whip
fork,fork
corn,corn
hash,hash
dock,dock
you have to expect a few bad calls,you have to expect a few bad calls
you have to expect a few bad calls,you have to expect a few bad calls
ink,ink
rise,rise
handle it any way you have to,handle it any way you have to
hand,hand
harm,harm
they'll never fit me again,they'll never fit me again
weep,weep
term,term
there is such a program,there is such a program
wide,wide
did you eat yet,did you eat yet
tort,tort
pad,pad
sort,sort
we got drenched from the uninterrupted rain,we got drenched from the uninterrupted rain
pant,pant
win,win
was,was
row,row
a few may be hard to find,a few may be hard to find
cake,cake
hat,hat
low,low
cable confirmation it said translated,cable confirmation it said translated
that,that
we've done it in the past,we've done it in the past
wise,wise
burn,burn
we knew we weren't doing well,we knew we weren't doing well
had,had
pat,pat
upgrade your status to reflect your wealth,upgrade your status to reflect your wealth
wax,wax
bed,bed
spring street is straight ahead,spring street is straight ahead
the store serves meals every day,the store serves meals every day
we're all disappointed with our start,we're all disappointed with our start
she will order the wine,she will order the wine
heat,heat
eyes,eyes
hold,hold
sink,sink
sink,sink
weave,weave
the family requests that flowers be omitted,the family requests that flowers be omitted
wart,wart
wack,wack
wine,wine
short,short
short,short
they received all the things they needed,they received all the things they needed
cork,cork
with,with
form,form
ship,ship
ache,ache
dash,dash
he took heart and played,he took heart and played
the snow blew into large drifts,the snow blew into large drifts
regular attendance is seldom required,regular attendance is seldom required
ball,ball
it was time to go up myself,it was time to go up myself
hall,hall
born,born
born,born
hail,hail
last year's gas shortage caused steep price increases,last year's gas shortage caused steep price increases
had,had
both cars were slightly damaged,both cars were slightly damaged
the new highway is straight and empty,the new highway is straight and empty
feed,feed
hate,hate
the staff deserves a lot of credit working down here under real obstacles,the staff deserves a lot of credit working down here under real obstacles
hid,hid
tip,tip
seed,seed
why,why
luke,luke
leak,leak
farm,farm
fold,fold
pink,pink
waste,waste
all,all
horn,horn
eat your raisins outdoors on the porch steps,eat your raisins outdoors on the porch steps
he noted the fact carefully,he noted the fact carefully
blow,blow
when you are through write a clean report,when you are through write a clean report
sail,sail
wipe,wipe
pad,pad
continental drift is a geological theory,continental drift is a geological theory
it was a huge part of my life,it was a huge part of my life
tail,tail
porcupines resemble sea urchins,porcupines resemble sea urchins
challenge each general's intelligence,challenge each general's intelligence
torn,torn
blow,blow
torn,hall
wives,wives
he can't abide mistakes in his own game,he can't abide mistakes in his own game
docks,docks
hail,hail
pole,pole
stable,stable
each,each
hiring the wife for one's company may win her tax aided retirement income,hiring the wife for one's company may win her tax-aided retirement income
we must be ready for any needed sacrifice,we must be ready for any needed sacrifice
able,able
ban,ban
hall,hall
beat,beat
vat,vat
she makes other trips for pleasure,she makes other trips for pleasure
page,page
phone,phone
beat,beat
it looked like an accordion,it looked like an accordion
boot,boot
paid,paid
sprain,sprain
wall,wall
fool,fool
all,all
fell,fell
boat,boat
ramp,ramp
tall,tall
good service should be rewarded by big tips,good service should be rewarded by big tips
paint,paint
fill that canteen with fresh spring water,fill that canteen with fresh spring water
she was really shook up,she was really shook up
beg,beg
sat,sat
mat,mat
sap,sap
pain,pain
so he hides the mayonnaise,so he hides the mayonnaise
fall,fall
mall,mall
feel,feel
fold,fold
fill,fill
only two seemed really appealing to me,only two seemed really appealing to me
panel,panel
doctors prescribe drugs too freely,doctors prescribe drugs too freely
vamp,vamp
rat,rat
i saw him a few weeks later,i saw him a few weeks later
it's illegal to posdate a check,it's illegal to postdate a check
space,space
naval,naval
street,street
stall,stall
spade,spade
i got into acting by accident,i got into acting by accident
damp,damp
spray,spray
peach,peach
mabel,mabel
told,told
big,big
sheet,sheet
she was not seriously injured,she was not seriously injured
i like them because they are practical,i like them because they are practical
funnel,funnel
tap,tap
that's the name of the game,that's the name of the game
gently place jim's fam sculpture in the box,gently place jim's foam sculpture in the box
maybe it's taking longer to get things squared away than the bankers expected,maybe it's taking longer to get things squared away than the bankers expected
reach,reach
spain,spain
file,file
cold,cold
i soon found myself muttering to the walls,i soon found myself muttering to the walls
old telephone booths aren't easy to find,old telephone booths aren't easy to find
pase,paste
foil,foil
map,map
find,find
gable,gable
it,it
young and old also got together,young and old also got together
bull,bull
crawl,crawl
fall,fall
pale,pale
creature,creature
it fell out of his pocket,it fell out of his pocket
seat,seat
we got married right here,we got married right here
saddle,saddle
bowl,bowl
nap,nap
table,table
sable,sable
fable,fable
mold,mold
mole,mole
it's impossible to deal with bureaucracy,it's impossible to deal with bureaucracy
pace,pace
neat,neat
call,call
will you please describe the idiotic predicament,will you please describe the idiotic predicament
screech,screech
cable,cable
ladle,ladle
bash,bash
can you paint a room or a portrait,can you paint a room or a portrait
bagpipes and bongos are musical instruments,bagpipes and bongos are musical instruments
that's what i thought it was at first,that's what i thought it was at first
they make gin saws and deal in parts supplies and some used gin machinery,they make gin saws and deal in parts supplies and some used gin machinery
final,final
we just sat there giggling,we just sat there giggling
owl,owl
ball,ball
cliff's display was misplaced on the screen,cliff's display was misplaced on the screen
she is not sure what to expect,she is not sure what to expect
teach,teach
an official deadline cannot be postponed,an official deadline cannot be postponed
bog,bog
rattle,rattle
sold,sold
bought,bought
bank,bank
shawl,shawl
soul,soul
preach,preach
full,full
pull,pull
boone,boone
suppress,suppress
wages are a key issue,wages are a key issue
rain,rain
unfortunately there is still little demand for broccoli and califlower,unfortunately there is still little demand for broccoli and cauliflower
we saw three deer and a badger,we saw three deer and a badger
contrast,contrast
a large household needs lots of appliances,a large household needs lots of appliances
grain,grain
several paintings were sold at the auction,several paintings were sold at the auction
impress,impress
occur,occur
shore,shore
book,book
four,for
bin,bin
most weeds grow strong and fast,most weeds grow strong and fast
grain,grain
fudge,fudge
rust,rust
judge,judge
the misprint provoked an immediate disclaimer,the misprint provoked an immediate disclaimer
contract,contract
limb,limb
store,store
score,score
musk,musk
rut,rut
serve,serve
grape,grape
intact,intact
we had a picnic on the beach,we had a picnic on the beach
pain,pain
subtract,subtract
that plant needs more water,that plant needs more water
it's hard to tell an original from a forgery,it's hard to tell an original from a forgery
they either walked or were driven,they either walked or were driven
primitive tribes have an upbeat attitude,primitive tribes have an upbeat attitude
shut,shut
retract,retract
grow,grow
left,left
displayed as lamps the puppets delight the children and are decorative accent,displayed as lamps the puppets delight the children and are decorative accent
globe,globe
grave,grave
bust,bust
depress,depress
both,both
dusk,dusk
slim,slim
flying standby can be practical if you want to save money,flying standby can be practical if you want to save money
porch,porch
my instructions desperately need updating,my instructions desperately need updating
preserve,preserve
converge,converge
booth,booth
this railroad's future is in the west,this railroad's future is in the west
it's beauty that surrounds you,it's beauty that surrounds you
i said i'd put on weight,i said i'd put on weight
lisp,lisp
hispanic costumes are quite colorful,hispanic costumes are quite colorful
lip,lip
tore,tore
strange,strange
refer,refer
deserve,deserve
glib,glib
rage,rage
grope,grope
but,but
absurd,absurd
train,train
the kat had five kittens,the kat had five kittens
cement is measured in cubic yards,cement is measured in cubic yards
grange,grange
lid,lid
they could walk ride on a bus or be driven,they could walk ride on a bus or be driven
brain,brain
boast,boast
observe,observe
reserve,reserve
slid,slid
bowl,bowl
list,list
conserve,conserve
he has played very well,he has played very well
repress,repress
scorch,scorch
the strike spread through much of the state,the strike spread through much of the state
super,super
chop,chop
both injuries were to the same leg,both injuries were to the same leg
the books are very expensive,the books are very expensive
the books are very expensive,the books are very expensive
there is a treehouse up above,there is a treehouse up above
i expect we'll bounce back this week,i expect we'll bounce back this week
six,six
this is not a program of socialized medicine,this is not a program of socialized medicine
take,take
bloat,bloat
cake,cake
a roll of wire lay near the wall,a roll of wire lay near the wall
seed,seed
fill,fill
pit,pit
yes,yes
when all else fails use force,when all else fails use force
it was a good win for us,it was a good win for us
the job provides many benefits,the job provides many benefits
fat,fat
hat,hat
pit,pit
at,at
fat,fat
nine,nine
he wrapped the package hastily,he wrapped the package hastily
leak,leak
pitting,pitting
this is a period of transition for me,this is a period of transition for me
at,at
spain,spain
five,five
shy,shy
league,league
eight,eight
lima,lima
vat,vat
leak,leak
mush,mush
and,and
november,november
night after night they received annoying phone calls,night after night they received annoying phone calls
darn,darn
seven,seven
alfalfa is healthy for you,alfalfa is healthy for you
much,much
blow,blow
oscar,oscar
it eventually became a rather proud claim,it eventually became a rather proud claim
top,top
witch,witch
aluminum silverware can often be flimsy,aluminum silverware can often be flimsy
nothing has been done yet to take advantage of the enabling legislation,nothing has been done yet to take advantage of the enabling legislation
zero,zero
sell,sell
no,no
leak,leak
ticker,ticker
the owners regularly look for plumbing leaks,the owners regularly look for plumbing leaks
zulu,zulu
it's fun to roast marshmallows on a gas burner,it's fun to roast marshmallows on a gas burner
the wait for work can be very long,the wait for work can be very long
white capped waves covered the entire bay,white-capped waves covered the entire bay
then we'd really have someplace to go,then we'd really have someplace to go
bed,bed
and,and
ship,ship
flicker,flicker
bread,bread
you want him to do well,you want him to do well
sicker,sicker
people who value themselves are life's winners,people who value themselves are life's winners
sin,sin
meat,meat
he really crucified him he nailed it for a yard loss,he really crucified him he nailed it for a yard loss
sheet,sheet
shell,shell
x ray,x-ray
the pair of shoes was new,the pair of shoes was new
help greg to pick a peck of potatoes,help greg to pick a peck of potatoes
fork,fork
said,said
one,one
witch,witch
ham,ham
i'm willing to experiment for the first time,i'm willing to experiment for the first time
get a calico cat to keep,get a calico cat to keep
he took me out one day,he took me out one day
only lawyers love millionaires,only lawyers love millionaires
litter,litter
sink,sink
red,red
nut,nut
two,two
ned,ned
sit,sit
left,left
being able to dance can help too,being able to dance can help too
hand,hand
yes,yes
rest,rest
please open the window quickly,please open the window quickly
those musicians harmonize marvelously,those musicians harmonize marvelously
in,in
down,down
most young rise early every morning,most young rise early every morning
sin,sin
hand,hand
we bought a brown chair,we bought a brown chair
quicker,quicker
four,four
shoot,shoot
we have an excellent team,we have an excellent team
romeo,romeo
travel is about the only leisure we have,travel is about the only leisure we have
sell,sell
a,a
nod,nod
this is a good place though small,this is a good place though small
liquor,liquor
beg that guard for one gallon of gas,beg that guard for one gallon of gas
lock,lock
no,no
you can ride stagecoach,you can ride stagecoach
did dad do academic bidding,did dad do academic bidding
sand,sand
tin,tin
neat,neat
although always alone we survive,although always alone we survive
dead,dead
wright,right
wit,wit
i called two different painters,i called two different painters
air,air
cheer,cheer
stimulating discussions keep students' attention,stimulating discussions keep students' attention
help celebrate your brother's success,help celebrate your brother's success
lake,lake
thread,thread
forward,forward
sheet,sheet
don't do charlie's dirty dishes,don't do charlie's dirty dishes
sew,sew
no,no
sort,sort
boot,boot
select,select
sin,sin
catch,catch
he played basketball there while working toward a law degree,he played basketball there while working toward a law degree
coconut cream pie makes a nice dessert,coconut cream pie makes a nice dessert
ride,ride
meat,meat
we selected places where families will be welcome,we selected places where families will be welcome
cakes,cakes
bill,bill
only the most accomplished artists obtain popularity,only the most accomplished artists obtain popularity
short,short
in,in
said,said
menu,menu
shoot,shoot
shin,shin
bill,bill
leak,leak
much,much
coat,coat
some prefer the traditional steel kind,some prefer the traditional steel kind
cork,cork
old,old
weep,weep
biblical scholars argue history,biblical scholars argue history
he,he
rid,rid
quart,quart
shot,shot
there is definitely some ligament damage in his knee,there is definitely some ligament damage in his knee
sheep,sheep
ship,ship
snort,snort
pork,pork
in fact our whole defensive unit did a good job,in fact our whole defensive unit did a good job
sketch,sketch
who knows what you'll discover about yourself,who knows what you'll discover about yourself
blend,blend
shed,shed
the four brothers looked identical,the four brothers looked identical
rake,rake
dead,dead
sew,sew
critical equipment needs proper maintenance,critical equipment needs proper maintenance
see,see
shop,shop
heat,heat
eat,eat
suddenly my reflexes are gone,suddenly my reflexes are gone
gill,gill
show,show
read,read
the results were very disappointing,the results were very disappointing
tug,tug
cash,cash
stretch,stretch
steak,steak
ray,ray
fort,fort
lee,lee
beat,beat
hold,hold
bread,bread
i've kept it with me ever since,i've kept it with me ever since
that's what life is really all about,that's what life is really all about
rake,rake
red,red
fork,fork
yes,yes
shred,shred
sight,sight
the fish swam across the pond,the fish swam across the pond
she doesn't like to have it hanging around,she doesn't like to have it hanging around
tort,tort
meats,meats
life is short and precious,life is short and precious
eat,eat
sport,sport
young people participate in athletic activities,young people participate in athletic activities
trespassers can be prosecuted and fined,trespassers can be prosecuted and fined
etiquette mandates compliance with existing regulations,etiquette mandates compliance with existing regulations
sew,sew
a quick touchdown resulted,a quick touchdown resulted
the little girls cut lacy valentines,the little girls cut lacy valentines
gas,gas
dug,dug
geese,geese
mill,mill
bill,bill
barb's gold bracelet was a graduation present,barb's gold bracelet was a graduation present
reap,reap
rite,write
dill,dill
four,four
chop,chop
lend,lend
three,three
foe,foe
rise,rise
he asked you for a loan,he asked you for a loan
do they make any money,do they make any money
toe,toe
geese,geese
threat,threat
port,port
blend,blend
lip,lip
i scream to warm up my voice,i scream to warm up my voice
rip,rip
wise,wise
i think i'm full of this stuff,i think i'm full of this stuff
bend,bend
muck,muck
night,night
snake,snake
cake,cake
i haven't seen that friend for years,i haven't seen that friend for years
seven,seven
eight,eight
five,five
bumper,bumper
geese,geese
nine,nine
six,six
basketball can be an entertaining sport,basketball can be an entertaining sport
neat,neat
coat,coat
ash,ash
fit,fit
sheer,sheer
at twilight on the twelfth day we'll have chablis,at twilight on the twelfth day we'll have chablis
hash,hash
worse luck was still to come,worse luck was still to come
the golfing fathers ruled in his favor,the golfing fathers ruled in his favor
reap,reap
hail,hail
code,code
elderly people are often excluded,elderly people are often excluded
beam,beam
yet he remains the fiercest of competitors,yet he remains the fiercest of competitors
knife,knife
three,three
four,four
nine,nine
me,me
pete,pete
addition and subtraction are learned skills,addition and subtraction are learned skills
gold can be found anywhere,gold can be found anywhere
gash,gash
i was pleased with the way things went,i was pleased with the way things went
eight,eight
she,she
i loved every minute of it,i loved every minute of it
it,it
reap,reap
i don't think it's a good idea,i don't think it's a good idea
fender,fender
woe,woe
five,five
member,member
beast,beast
she suggested we all have dinner together,she suggested we all have dinner together
zero,zero
sticks,sticks
so if anybody solicits by phone make sure you mail the dough to the above,so if anybody solicits by phone make sure you mail the dough to the above
beat,beat
ambidextrous pickpockets accomplish more,ambidextrous pickpockets accomplish more
guess,guess
they will take a wedding trip later,they will take a wedding trip later
her dark hair is combed casually,her dark hair is combed casually
seam,seam
feed,feed
beep,beep
i also can be quite vocal,i also can be quite vocal
it requires no big investment,it requires no big investment
cash,cash
six,six
that pickpocket was caught red handed,that pickpocket was caught red-handed
that pickpocket was caught red handed,that pickpocket was caught red-handed
we have a big house,we have a big house
mock,mock
dock,dock
see,sea
grandmother outgrew her upbringing in petticoats,grandmother outgrew her upbringing in petticoats
the sun died at night,the sun died at night
ember,ember
cheer,cheer
seat,seat
those people are much quicker than i am,those people are much quicker than i am
food,food
reef,reef
see,see
a fire in straw makes a quick blaze,a fire in straw makes a quick blaze
sender,sender
fork,fork
her classical performance gained critical acclaim,her classical performance gained critical acclaim
seven,seven
her position covers a number of daily tasks common to any social director,her position covers a number of daily tasks common to any social director
the marriage went well from the start,the marriage went well from the start
i tell you it was wonderful,i tell you it was wonderful
zero,zero
two,to
renter,renter
meat,meat
row,row
six,six
lender,lender
ape,ape
we just didn't look good,we just didn't look good
forks,forks
tender,tender
tea,tea
it was very popular with our fans,it was very popular with our fans
timber,timber
leap,leap
feet,feet
catastrophic economic cutbacks neglect the poor,catastrophic economic cutbacks neglect the poor
two,two
tail,tail
bender,bender
one,one
ache,ache
meat,meat
center,center
mom strongly dislikes appetizers,mom strongly dislikes appetizers
beef,beef
temper,temper
i had no desire to change my ways,i had no desire to change my ways
are,are
lip,lip
lip,lip
wax,wax
pet,pet
dock,dock
sheet,sheet
hat,hat
aid,aid
knock,knock
seat,seat
lies,lies
cheese,cheese
hatch,hatch
the lack of heat compounded the tenant's grievances,the lack of heat compounded the tenant's grievances
bunch,bunch
any contributions will be greatly appreciated,any contributions will be greatly appreciated
ache,ache
ease,ease
leaks,leaks
add,add
is,is
rake,rake
chocolate and roses never fail as a romantic gift,chocolate and roses never fail as a romantic gift
leap,leap
rise,rise
ease,ease
the legislature met to judge the state of public education,the legislature met to judge the state of public education
the legislature met to judge the state of public education,the legislature met to judge the state of public education
full,full
rip,rip
we are the largest of the four states,we are the largest of the four states
peas,peas
feet,feet
bun,bun
bunch,bunch
pit,pit
punch,punch
ail,ail
begin by trying to speak up more,begin by trying to speak up more
blend,blend
tall,tall
range was a vital detail,range was a vital detail
pill,pill
sell,sell
eighte,ate
racks,racks
the structures housing the apartments are of masonry and frame construction,the structures housing the apartments are of masonry and frame construction
leak,leak
aches,aches
lit,lit
sticks,sticks
the singer's finger had a splinter,the singer's finger had a splinter
hail,hail
steak,steak
now i'm living exactly as i choose,now i'm living exactly as i choose
add,add
had,had
heat,heat
cash,cash
duck,duck
bunch,bunch
tile,tile
arm,arm
fat,fat
harm,harm
fat,fat
i wanted to be an actress,i wanted to be an actress
at,at
wax,wax
fell,fell
academic aptitude guarantees your diploma,academic aptitude guarantees your diploma
charm,charm
it was a great meeting,it was a great meeting
he has played very well,he has played very well
be prepared for odd behavior from friends,be prepared for odd behavior from friends
mile,mile
feet,feet
rakes,rakes
pat,pat
take,take
we talked about the situation,we talked about the situation
row,row
ache,ache
ease,ease
the job also covers a number of other items,the job also covers a number of other items
have no fear if you come alone,have no fear if you come alone
we all sat down and relaxed,we all sat down and relaxed
fill,fill
hall,hall
air,air
pit,pit
sake,sake
hat,hat
i didn't know where they were coming from,i didn't know where they were coming from
look for pockets of black sand,look for pockets of black sand
fill,fill
see,see
he'll sell them by the box,he'll sell them by the box
harm,harm
the plot is laced with mysterious incidents,the plot is laced with mysterious incidents
the plot is laced with mysterious incidents,the plot is laced with mysterious incidents
we shelled clams for the chowder,we shelled clams for the chowder
we experience distress and frustration obtaining our degrees,we experience distress and frustration obtaining our degrees
seed,seed
ticks,ticks
hash,hash
eigt,ate
the prowler wore a ski mask for disguise,the prowler wore a ski mask for disguise
there was no confirmation of such massive assaults from independent sources,there was no confirmation of such massive assaults from independent sources
chap,chap
reap,reap
chop,chop
dug,dug
lax,lax
we know we can score,we know we can score
munch,munch
try to work things out,try to work things out
this he added brought about petty jealousies and petty personal grievances,this he added brought about petty jealousies and petty personal grievances
steak,steak
pat,pat
is,is
even a simple vocabulary contains symbols,even a simple vocabulary contains symbols
end,end
the eastern coast is a place for pure pleasure and excitement,the eastern coast is a place for pure pleasure and excitement
cat,cat
dial,dial
tile,tile
low,low
hold,hold
hall,hall
tall,tall
cold,cold
whip,whip
fork,fork
corn,corn
hash,hash
dock,dock
you have to expect a few bad calls,you have to expect a few bad calls
you have to expect a few bad calls,you have to expect a few bad calls
ink,ink
rise,rise
handle it any way you have to,handle it any way you have to
hand,hand
harm,harm
they'll never fit me again,they'll never fit me again
weep,weep
term,term
there is such a program,there is such a program
wide,wide
did you eat yet,did you eat yet
tor,tort
pad,pad
sort,sort
we got drenched from the uninterrupted rain,we got drenched from the uninterrupted rain
pant,pant
win,win
was,was
row,row
a few may be hard to find,a few may be hard to find
cake,cake
hat,hat
low,low
cable confirmation it said translated,cable confirmation it said translated
that,that
we've done it in the past,we've done it in the past
wise,wise
burn,burn
we knew we weren't doing well,we knew we weren't doing well
had,had
pat,pat
upgrade your status to reflect your wealth,upgrade your status to reflect your wealth
wax,wax
bed,bed
spring street is straight ahead,spring street is straight ahead
the store serves meals every day,the store serves meals every day
we're all disappointed with our start,we're all disappointed with our start
she will order the wine,she will order the wine
heat,heat
eyes,eyes
hold,hold
sink,sink
sink,sink
weave,weave
the family requests that flowers be omitted,the family requests that flowers be omitted
wart,wart
wack,wack
wine,wine
short,short
short,short
they received all the things they needed,they received all the things they needed
cork,cork
with,with
form,form
ship,ship
ache,ache
dash,dash
he took heart and played,he took heart and played
the snow blew into large drifts,the snow blew into large drifts
regular attendance is seldom required,regular attendance is seldom required
ball,ball
it was time to go up myself,it was time to go up myself
hall,hall
born,born
born,born
hail,hail
last year's gas shortage caused steep price increases,last year's gas shortage caused steep price increases
had,had
both cars were slightly damaged,both cars were slightly damaged
the new highway is straight and empty,the new highway is straight and empty
feed,feed
hate,hate
the staff deserves a lot of credit working down here under real obstacles,the staff deserves a lot of credit working down here under real obstacles
hid,hid
tip,tip
seed,seed
why,why
luke,luke
leak,leak
farm,farm
fold,fold
pink,pink
waste,waste
all,all
horn,horn
eat your raisins outdoors on the porch steps,eat your raisins outdoors on the porch steps
he noted the fact carefully,he noted the fact carefully
blow,blow
when you are through write a clean report,when you are through write a clean report
sail,sail
wipe,wipe
pad,pad
continental drift is a geological theory,continental drift is a geological theory
it was a huge part of my life,it was a huge part of my life
tail,tail
porcupines resemble sea urchins,porcupines resemble sea urchins
challenge each general's intelligence,challenge each general's intelligence
torn,torn
blow,blow
hall,hall
wives,wives
he can't abide mistakes in his own game,he can't abide mistakes in his own game
docks,docks
hail,hail
pole,pole
stable,stable
each,each
hiring the wife for one's company may win her tax aided retirement income,hiring the wife for one's company may win her tax-aided retirement income
we must be ready for any needed sacrifice,we must be ready for any needed sacrifice
able,able
ban,ban
hall,hall
beat,beat
vat,vat
she makes other trips for pleasure,she makes other trips for pleasure
page,page
phone,phone
beat,beat
it looked like an accordion,it looked like an accordion
boot,boot
paid,paid
sprain,sprain
wall,wall
fool,fool
all,all
fell,fell
boat,boat
ramp,ramp
tall,tall
good service should be rewarded by big tips,good service should be rewarded by big tips
paint,paint
fill that canteen with fresh spring water,fill that canteen with fresh spring water
she was really shook up,she was really shook up
beg,beg
sat,sat
mat,mat
sap,sap
pain,pain
so he hides the mayonnaise,so he hides the mayonnaise
fall,fall
mall,mall
feel,feel
fold,fold
fill,fill
only two seemed really appealing to me,only two seemed really appealing to me
panel,panel
doctors prescribe drugs too freely,doctors prescribe drugs too freely
vamp,vamp
rat,rat
i saw him a few weeks later,i saw him a few weeks later
it's illegal to postdate a check,it's illegal to postdate a check
space,space
naval,naval
street,street
stall,stall
spade,spade
i got into acting by accident,i got into acting by accident
damp,damp
spray,spray
peach,peach
mabel,mabel
told,told
big,big
sheet,sheet
she was not seriously injured,she was not seriously injured
i like them because they are practical,i like them because they are practical
funnel,funnel
tap,tap
that's the name of the game,that's the name of the game
gently place jim's foam sculpture in the box,gently place jim's foam sculpture in the box
maybe it's taking longer to get things squared away than the bankers expected,maybe it's taking longer to get things squared away than the bankers expected
reach,reach
spain,spain
file,file
cold,cold
i soon found myself muttering to the walls,i soon found myself muttering to the walls
old telephone booths aren't easy to find,old telephone booths aren't easy to find
paste,paste
foil,foil
map,map
find,find
gable,gable
it,it
young and old also got together,young and old also got together
bull,bull
crawl,crawl
fall,fall
pale,pale
creature,creature
it fell out of his pocket,it fell out of his pocket
seat,seat
we got married right here,we got married right here
saddle,saddle
bowl,bowl
nap,nap
table,table
sable,sable
fable,fable
mold,mold
mole,mole
it's impossible to deal with bureaucracy,it's impossible to deal with bureaucracy
pace,pace
neat,neat
call,call
will you please describe the idiotic predicament,will you please describe the idiotic predicament
screech,screech
cable,cable
ladle,ladle
bash,bash
can you paint a room or a portrait,can you paint a room or a portrait
bagpipes and bongos are musical instruments,bagpipes and bongos are musical instruments
that's what i thought it was at first,that's what i thought it was at first
they make gin saws and deal in parts supplies and some used gin machinery,they make gin saws and deal in parts supplies and some used gin machinery
final,final
we just sat there giggling,we just sat there giggling
owl,owl
ball,ball
cliff's display was misplaced on the screen,cliff's display was misplaced on the screen
she is not sure what to expect,she is not sure what to expect
teach,teach
an official deadline cannot be postponed,an official deadline cannot be postponed
bog,bog
rattle,rattle
sold,sold
bought,bought
bank,bank
shawl,shawl
soul,soul
preach,preach
full,full
pull,pull
boone,boone
suppress,suppress
wages are a key issue,wages are a key issue
rain,rain
unfortunately there is still little demand for broccoli and coliflower,unfortunately there is still little demand for broccoli and cauliflower
we saw three deer and a badger,we saw three deer and a badger
contrast,contrast
a large household needs lots of appliances,a large household needs lots of appliances
grain,grain
several paintings were sold at the auction,several paintings were sold at the auction
impress,impress
occur,occur
shore,shore
book,book
four,for
bin,bin
most weeds grow strong and fast,most weeds grow strong and fast
grain,grain
fudge,fudge
rust,rust
judge,judge
the misprint provoked an immediate disclaimer,the misprint provoked an immediate disclaimer
contract,contract
limb,limb
store,store
score,score
musk,musk
rut,rut
serve,serve
grape,grape
intact,intact
we had a picnic on the beach,we had a picnic on the beach
pain,pain
subtract,subtract
that plant needs more water,that plant needs more water
it's hard to tell an original from a forgery,it's hard to tell an original from a forgery
they either walked or were driven,they either walked or were driven
primitive tribes have an upbeat attitude,primitive tribes have an upbeat attitude
shut,shut
retract,retract
grow,grow
left,left
displayed as lamps the puppets delight the children and are deccorative accent,displayed as lamps the puppets delight the children and are decorative accent
globe,globe
grave,grave
bust,bust
depress,depress
both,both
dusk,dusk
slim,slim
flying standby can be practical if you want to save money,flying standby can be practical if you want to save money
porch,porch
my instructions desperately need updating,my instructions desperately need updating
preserve,preserve
converge,converge
booth,booth
this railroad's future is in the west,this railroad's future is in the west
it's beauty that surrounds you,it's beauty that surrounds you
i said i'd put on weight,i said i'd put on weight
lisp,lisp
hispanic costumes are quite colorful,hispanic costumes are quite colorful
lip,lip
tore,tore
strange,strange
refer,refer
deserve,deserve
glib,glib
rage,rage
grope,grope
but,but
absurd,absurd
train,train
the kat had five kittens,the kat had five kittens
cement is measured in cubic yards,cement is measured in cubic yards
grange,grange
lid,lid
they could walk ride on a bus or be driven,they could walk ride on a bus or be driven
brain,brain
boast,boast
observe,observe
reserve,reserve
slid,slid
bowl,bowl
list,list
conserve,conserve
he has played very well,he has played very well
repress,repress
scorch,scorch
the strike spread through much of the state,the strike spread through much of the state
super,super
born,born
no,no
train,train
rain,rain
feed,feed
down,down
store,store
pat,pat
rage,rage
rage,rage
air,air
storm,storm
storm,storm
sticks,sticks
grandfather likes to be modern in his language,grandfather likes to be modern in his language
two,two
tip,tip
dug,dug
beat,beat
sheet,sheet
usually minus several buttons,usually minus several buttons
writ,right
torn,torn
but he always answers banana oil,but he always answers banana oil
corn,corn
feet,feet
the quick brown fox jumps over the lazy dog,the quick brown fox jumps over the lazy dog
glow,glow
air,air
swarm,swarm
storm,storm
yes,yes
swarm,swarm
swarm,swarm
ship,ship
rake,rake
feet,feet
beat,beat
farm,farm
grow,grow
form,form
left,left
horn,horn
feed,feed
we have often urged him to walk more and smoke less,we have often urged him to walk more and smoke less
we have often urged him to walk more and smoke less,we have often urged him to walk more and smoke less
four,for
meat,meat
one,one
he dresses himself in an ancient black frock coat,he dresses himself in an ancient black frock coat
cheer,cheer
rocks,rocks
area,area
whoop,whoop
ate,ate
mother sews yellow gingham aprons,mother sews yellow gingham aprons
mother sews yellow gingham aprons,mother sews yellow gingham aprons
white,white
pad,pad
menu,menu
forward,forward
she is thinner than i am,she is thinner than i am
she is thinner than i am,she is thinner than i am
all the big baseball players get traded,all the big baseball players get traded
both figures would go higher in later years,both figures would go higher in later years
hear,hear
thigh,thigh
tile,tile
hate,hate
steer,steer
galore,galore
select,select
slay,slay
boot,boot
write,write
wish,wish
lip,lip
troop,troop
four,four
just one side got wet,just one side got wet
nothing is as offensive as innocence,nothing is as offensive as innocence
yes,yes
my sister made the flowered curtains,my sister made the flowered curtains
coupe,coupe
i just try to do my best,i just try to do my best
delta,delta
play,play
write,write
write,write
urgent,urgent
group,group
shoot,shoot
ite,ate
sleep,sleep
mere,mere
mere,mere
he will allow a rare lie,he will allow a rare lie
we gathered shells on the beach,we gathered shells on the beach
deer,deer
much,much
their house is grey and white,their house is grey and white
their house is grey and white,their house is grey and white
peer,peer
three,three
pot,pot
pot,pot
pat,pat
witch,witch
no,no
air,air
i scrubbed the floors thoroughly,i scrubbed the floors thoroughly
alfalfa is healthy for you,alfalfa is healthy for you
fill,fill
leak,leak
fat,fat
pit,pit
seven,seven
spain,spain
lima,lima
hat,hat
take,take
leak,leak
he wrapped the package hastily,he wrapped the package hastily
he wrapped the package hastily,he wrapped the package hastily
nothing has been done yet to take advantage of the enabling legislation,nothing has been done yet to take advantage of the enabling legislation
pitting,pitting
when all else fails use force,when all else fails use force
eight,eight
at,at
five,five
zero,zero
both injuries were to the same leg,both injuries were to the same leg
fat,fat
aluminum silverware can often be flimsy,aluminum silverware can often be flimsy
aluminum silverware can often be flimsy,aluminum silverware can often be flimsy
aluminum silverware can often be flimsy,aluminum silverware can often be flimsy
a roll of wire lay near the wall,a roll of wire lay near the wall
it eventually became a rather proud claim,it eventually became a rather proud claim
pit,pit
yes,yes
chop,chop
leak,leak
it was a good win for us,it was a good win for us
it was a good win for us,it was a good win for us
and,and
much,much
league,league
split,split
the job provides many benefits,the job provides many benefits
vat,vat
top,top
sell,sell
there is a treehouse up above,there is a treehouse up above
this is a period of transition for me,this is a period of transition for me
six,six
this is not a program of socialized medicine,this is not a program of socialized medicine
this is not a program of socialized medicine,this is not a program of socialized medicine
nine,nine
mush,mush
night after night they received annoying phone calls,night after night they received annoying phone calls
the books are very expensive,the books are very expensive
it also provides for funds to clear slums and help colleges build dormitories,it also provides for funds to clear slums and help colleges build dormitories
it also provides for funds to clear slums and help colleges build dormitories,it also provides for funds to clear slums and help colleges build dormitories
cake,cake
at,at
shy,shy
bloat,bloat
seed,seed
darn,darn
i expect we'll bounce back this week,i expect we'll bounce back this week
november,november
oscar,oscar
witch,witch
blow,blow
no,no
born,born
no,no
train,train
rain,rain
feed,feed
down,down
store,store
pat,pat
rage,rage
rage,rage
air,air
storm,storm
storm,storm
sticks,sticks
grandfather likes to be modern in his language,grandfather likes to be modern in his language
two,two
tip,tip
dug,dug
beat,beat
sheet,sheet
usually minus several buttons,usually minus several buttons
write,right
torn,torn
but he always answers banana oil,but he always answers banana oil
corn,corn
feet,feet
the quick brown fox jumps over the lazy dog,the quick brown fox jumps over the lazy dog
glow,glow
air,air
swarm,swarm
storm,storm
yes,yes
swarm,swarm
swarm,swarm
ship,ship
rake,rake
feet,feet
beat,beat
farm,farm
grow,grow
form,form
left,left
horn,horn
feed,feed
we have often urged him to walk more and smoke less,we have often urged him to walk more and smoke less
we have often urged him to walk more and smoke less,we have often urged him to walk more and smoke less
four,for
meat,meat
one,one
he dresses himself in an ancient black frock coat,he dresses himself in an ancient black frock coat
cheer,cheer
rocks,rocks
area,area
whoop,whoop
ate,ate
mother sews yellow gingham aprons,mother sews yellow gingham aprons
mother sews yellow gingham aprons,mother sews yellow gingham aprons
white,white
pad,pad
menu,menu
forward,forward
she is thinner than i am,she is thinner than i am
she is thinner than i am,she is thinner than i am
all the big baseball players get traded,all the big baseball players get traded
both figures would go higher in later years,both figures would go higher in later years
hear,hear
thigh,thigh
tile,tile
hate,hate
steer,steer
galore,galore
select,select
slay,slay
boot,boot
write,write
wish,wish
lip,lip
troop,troop
four,four
just one side got wet,just one side got wet
nothing is as offensive as innocence,nothing is as offensive as innocence
yes,yes
my sister made the flowered curtains,my sister made the flowered curtains
coupe,coupe
i just try to do my best,i just try to do my best
delta,delta
play,play
write,write
write,write
urgent,urgent
group,group
shoot,shoot
eit,ate
sleep,sleep
mere,mere
mere,mere
he will allow a rare lie,he will allow a rare lie
we gathered shells on the beach,we gathered shells on the beach
deer,deer
much,much
their house is grey and white,their house is grey and white
their house is grey and white,their house is grey and white
peer,peer
three,three
pot,pot
pot,pot
pat,pat
witch,witch
no,no
air,air
i scrubbed the floors thoroughly,i scrubbed the floors thoroughly
alfalfa is healthy for you,alfalfa is healthy for you
fill,fill
leak,leak
fat,fat
pit,pit
seven,seven
spain,spain
lima,lima
hat,hat
take,take
leak,leak
he wrapped the package hastily,he wrapped the package hastily
he wrapped the package hastily,he wrapped the package hastily
nothing has been done yet to take advantage of the enabling legislation,nothing has been done yet to take advantage of the enabling legislation
pitting,pitting
when all else fails use force,when all else fails use force
eight,eight
at,at
five,five
zero,zero
both injuries were to the same leg,both injuries were to the same leg
fat,fat
aluminum silverware can often be flimsy,aluminum silverware can often be flimsy
aluminum silverware can often be flimsy,aluminum silverware can often be flimsy
aluminum silverware can often be flimsy,aluminum silverware can often be flimsy
a roll of wire lay near the wall,a roll of wire lay near the wall
it eventually became a rather proud claim,it eventually became a rather proud claim
pit,pit
yes,yes
chop,chop
leak,leak
it was a good win for us,it was a good win for us
it was a good win for us,it was a good win for us
and,and
much,much
league,league
split,split
the job provides many benefits,the job provides many benefits
vat,vat
top,top
sell,sell
there is a treehouse up above,there is a treehouse up above
this is a period of transition for me,this is a period of transition for me
six,six
this is not a program of socialized medicine,this is not a program of socialized medicine
this is not a program of socialized medicine,this is not a program of socialized medicine
nine,nine
mush,mush
night after night they received annoying phone calls,night after night they received annoying phone calls
the books are very expensive,the books are very expensive
it also provides for funds to clear slums and help colleges build dormitories,it also provides for funds to clear slums and help colleges build dormitories
it also provides for funds to clear slums and help colleges build dormitories,it also provides for funds to clear slums and help colleges build dormitories
cake,cake
at,at
shy,shy
bloat,bloat
seed,seed
darn,darn
i expect we'll bounce back this week,i expect we'll bounce back this week
november,november
oscar,oscar
witch,witch
blow,blow
no,no
the hotel owner struggled,the hotel owner struggled
litter,litter
although always alone we survive,although always alone we survive
thread,thread
tin,tin
dead,dead
people who value themselves are life's winners,people who value themselves are life's winners
the wait for work can be very long,the wait for work can be very long
hand,hand
he really crucified himself he nailed it for a yard loss,he really crucified himself he nailed it for a yard loss
he really crucified him he nailed it for a yard loss,he really crucified him he nailed it for a yard loss
please open the window quickly,please open the window quickly
ticker,ticker
litter,litter
you can ride stagecoach,you can ride stagecoach
and,and
hand,hand
it's fun to roast marshmallows on a gas burner,it's fun to roast marshmallows on a gas burner
quicker,quicker
bed,bed
then we'd really have someplace to go,then we'd really have someplace to go
left,left
travel is about the only leisure we have,travel is about the only leisure we have
this is a good place though small,this is a good place though small
shell,shell
nod,nod
nut,nut
sink,sink
said,said
said,said
ship,ship
wit,wit
did dad do academic bidding,did dad do academic bidding
bread,bread
ned,ned
flicker,flicker
being able to dance can help too,being able to dance can help too
we have an excellent team,we have an excellent team
in,in
sand,sand
four,four
i'm willing to experiment for the first time,i'm willing to experiment for the first time
liquor,liquor
witch,witch
one,one
only lawyers love millionaires,only lawyers love millionaires
rest,rest
sin,sin
no,no
down,down
red,red
sicker,sicker
meat,meat
sit,sit
ham,ham
shoot,shoot
a,a
fork,fork
yes,yes
two,two
he took me out one day,he took me out one day
romeo,romeo
sin,sin
white capped waves covered the entire bay,white-capped waves covered the entire bay
help greg to pick a peck of potatoes,help greg to pick a peck of potatoes
we bought a brown chair,we bought a brown chair
you want him to do well,you want him to do well
the pair of shoes was new,the pair of shoes was new
beg that guard for one gallon of gas,beg that guard for one gallon of gas
x ray,x-ray
get a calico cat to keep,get a calico cat to keep
sell,sell
most young rise early every morning,most young rise early every morning
those musicians harmonize marvelously,those musicians harmonize marvelously
those musicians harmonize marvelously,those musicians harmonize marvelously
zulu,zulu
writ,right
lock,lock
neat,neat
sheet,sheet
night,night
shred,shred
thread,thread
etiquette mandates compliance with existinregulation,etiquette mandates compliance with existing regulations
etiquette mandates compliance with existing regulations,etiquette mandates compliance with existing regulations
blend,blend
young people participate in athletic activities,young people participate in athletic activities
bend,bend
life is short and precious,life is short and precious
in fact our whole defensive unit did a good job,in fact our whole defensive unit did a good job
critical equipment needs proper maintenance,critical equipment needs proper maintenance
geese,geese
write,write
quart,quart
who knows what you'll discover about yourself,who knows what you'll discover about yourself
in,in
three,three
geese,geese
cash,cash
dill,dill
i think i'm full of this stuff,i think i'm full of this stuff
the little girls cut lacy valentines,the little girls cut lacy valentines
weep,weep
the results were very disappointing,the results were very disappointing
four,four
do they make any money,do they make any money
ray,ray
sew,sew
cakes,cakes
stretch,stretch
much,much
toe,toe
meats,meats
she doesn't like to have it hanging around,she doesn't like to have it hanging around
there is definitely some ligament damage in his knee,there is definitely some ligament damage in his knee
rake,rake
mill,mill
shoot,shoot
cheer,cheer
rake,rake
see,see
shin,shin
he played basketball there while working toward a law degree,he played basketball there while working toward a law degree
old,old
sheet,sheet
cork,cork
stimulating discussions keep students' attention,stimulating discussions keep students' attention
sin,sin
sketch,sketch
the fish swam across the pond,the fish swam across the pond
foe,foe
sew,sew
help celebrate your brother's success,help celebrate your brother's success
rid,rid
snort,snort
coconut cream pie makes a nice dessert,coconut cream pie makes a nice dessert
sort,sort
bill,bill
heat,heat
yes,yes
don't do charlie's dirty dishes,don't do charlie's dirty dishes
muck,muck
we selected places where families will be welcome,we selected places where families will be welcome
ship,ship
forward,forward
sight,sight
dead,dead
meat,meat
suddenly my reflexes are gone,suddenly my reflexes are gone
lee,lee
fort,fort
show,show
aquick touchdown resulted,a quick touchdown resulted
a quick touchdown resulted,a quick touchdown resulted
rise,rise
port,port
the four brothers looked identical,the four brothers looked identical
wise,wise
select,select
reap,reap
some prefer the traditional steel kind,some prefer the traditional steel kind
biblical scholars argue history,biblical scholars argue history
lip,lip
blend,blend
air,air
sew,sew
pork,pork
boot,boot
menu,menu
tort,tort
lend,lend
snake,snake
shop,shop
trespassers can be prosecuted and fined,trespassers can be prosecuted and fined
read,read
that's what life is really all about,that's what life is really all about
catch,catch
no,no
hold,hold
chop,chop
leak,leak
threat,threat
eat,eat
short,short
lake,lake
i scream to warm up my voice,i scream to warm up my voice
fork,fork
bill,bill
red,red
shot,shot
i called two different painters,i called two different painters
gill,gill
gill,gill
eat,eat
ride,ride
i've kept it with me ever since,i've kept it with me ever since
cake,cake
sheep,sheep
he asked you for a loan,he asked you for a loan
steak,steak
bill,bill
coat,coat
beat,beat
barb's gold bracelet was a graduation present,barb's gold bracelet was a graduation present
he,he
shed,shed
only the most accomplished artists obtain popularity,only the most accomplished artists obtain popularity
rip,rip
gas,gas
bread,bread
said,said
dug,dug
sport,sport
tug,tug
grandmother outgrew her upbringing in petticoats,grandmother outgrew her upbringing in petticoats
geese,geese
it requires no big investment,it requires no big investment
timber,timber
eight,eight
a fire in straw makes a quick blaze,a fire in straw makes a quick blaze
cash,cash
feet,feet
that pickpocket was caught red handed,that pickpocket was caught red-handed
it,it
tail,tail
code,code
cheer,cheer
bumper,bumper
fit,fit
ember,ember
those people are much quicker than i am,those people are much quicker than i am
gash,gash
her position covers a number of daily tasks common to any social director,her position covers a number of daily tasks common to any social director
member,member
basketball can be an entertaining sport,basketball can be an entertaining sport
i tell you it was wonderful,i tell you it was wonderful
see,see
the marriage went well from the start,the marriage went well from the start
i was pleased with the way things went,i was pleased with the way things went
leap,leap
eight,eight
so if anybody solicits by phone make sure you mail the dough to the above,so if anybody solicits by phone make sure you mail the dough to the above
seven,seven
five,five
six,six
row,row
beef,beef
i haven't seen that friend for years,i haven't seen that friend for years
yet he remains the fiercest of competitors,yet he remains the fiercest of competitors
yet he remains the fiercest of competitors,yet he remains the fiercest of competitors
temper,temper
dock,dock
sheer,sheer
guess,guess
knife,knife
her dark hair is combed casually,her dark hair is combed casually
i also can be quite vocal,i also can be quite vocal
six,six
reap,reap
beep,beep
five,five
sticks,sticks
one,one
at twilight on the twelfth day we'll have chablis,at twilight on the twelfth day we'll have chablis
they will take a wedding trip later,they will take a wedding trip later
reef,reef
mom strongly dislikes appetizers,mom strongly dislikes appetizers
reap,reap
seat,seat
sender,sender
addition and subtraction are learned skills,addition and subtraction are learned skills
addition and subtraction are learned skills,addition and subtraction are learned skills
meat,meat
ambidextrous pickpockets accomplish more,ambidextrous pickpockets accomplish more
hash,hash
four,four
zero,zero
nine,nine
center,center
tea,tea
feed,feed
fork,fork
bender,bender
she,she
renter,renter
nine,nine
it was very popular with our fans,it was very popular with our fans
catastrophic economic cutbacks neglect the poor,catastrophic economic cutbacks neglect the poor
pete,pete
seven,seven
ash,ash
ache,ache
sea,sea
beast,beast
beat,beat
food,food
to,to
i loved every minute of it,i loved every minute of it
meat,meat
ape,ape
seam,seam
gold can be found anywhere,gold can be found anywhere
elderly people are often excluded,elderly people are often excluded
me,me
fender,fender
fender,fender
i don't think it's a good idea,i don't think it's a good idea
beam,beam
neat,neat
six,six
woe,woe
the sun died at night,the sun died at night
her classical performance gained critical acclaim,her classical performance gained critical acclaim
her classical performance gained critical acclaim,her classical performance gained critical acclaim
we just don't,we just don't
we just didn't look good,we just didn't look good
the golfing fathers ruled in his favor,the golfing fathers ruled in his favor
she suggested we all have dinner together,she suggested we all have dinner together
coat,coat
lender,lender
worse luck was still to come,worse luck was still to come
two,two
we have a big house,we have a big house
three,three
hail,hail
forks,forks
zero,zero
the hotel owner struggled,the hotel owner struggled
litter,litter
although always alone we survive,although always alone we survive
thread,thread
tin,tin
dead,dead
people who value themselves are life's winners,people who value themselves are life's winners
the wait for work can be very long,the wait for work can be very long
hand,hand
he really crucified himself he nailed it for a yard loss,he really crucified himself he nailed it for a yard loss
he really crucified him he nailed it for a yard loss,he really crucified him he nailed it for a yard loss
please open the window quickly,please open the window quickly
ticker,ticker
litter,litter
you can ride stagecoach,you can ride stagecoach
and,and
hand,hand
it's fun to roast marshmallows on a gas burner,it's fun to roast marshmallows on a gas burner
quicker,quicker
bed,bed
then we'd really have someplace to go,then we'd really have someplace to go
left,left
travel is about the only leisure we have,travel is about the only leisure we have
this is a good place though small,this is a good place though small
shell,shell
nod,nod
nut,nut
sink,sink
said,said
said,said
ship,ship
wit,wit
did dad do academic bidding,did dad do academic bidding
bread,bread
ned,ned
flicker,flicker
being able to dance can help too,being able to dance can help too
we have an excellent team,we have an excellent team
in,in
sand,sand
four,four
i'm willing to experiment for the first time,i'm willing to experiment for the first time
liquor,liquor
witch,witch
one,one
only lawyers love millionaires,only lawyers love millionaires
rest,rest
sin,sin
no,no
down,down
red,red
sicker,sicker
meat,meat
sit,sit
ham,ham
shoot,shoot
a,a
fork,fork
yes,yes
two,two
he took me out one day,he took me out one day
romeo,romeo
sin,sin
white capped waves covered the entire bay,white-capped waves covered the entire bay
help greg to pick a peck of potatoes,help greg to pick a peck of potatoes
we bought a brown chair,we bought a brown chair
you want him to do well,you want him to do well
the pair of shoes was new,the pair of shoes was new
beg that guard for one gallon of gas,beg that guard for one gallon of gas
x ray,x-ray
get a calico cat to keep,get a calico cat to keep
sell,sell
most young rise early every morning,most young rise early every morning
those musicians harmonize marvelously,those musicians harmonize marvelously
those musicians harmonize marvelously,those musicians harmonize marvelously
zulu,zulu
write,right
lock,lock
neat,neat
sheet,sheet
night,night
shred,shred
thread,thread
etiquette mandates compliance withexisting regulation,etiquette mandates compliance with existing regulations
etiquette mandates compliance with existing regulations,etiquette mandates compliance with existing regulations
blend,blend
young people participate in athletic activities,young people participate in athletic activities
bend,bend
life is short and precious,life is short and precious
in fact our whole defensive unit did a good job,in fact our whole defensive unit did a good job
critical equipment needs proper maintenance,critical equipment needs proper maintenance
geese,geese
write,write
quart,quart
who knows what you'll discover about yourself,who knows what you'll discover about yourself
in,in
three,three
geese,geese
cash,cash
dill,dill
i think i'm full of this stuff,i think i'm full of this stuff
the little girls cut lacy valentines,the little girls cut lacy valentines
weep,weep
the results were very disappointing,the results were very disappointing
four,four
do they make any money,do they make any money
ray,ray
sew,sew
cakes,cakes
stretch,stretch
much,much
toe,toe
meats,meats
she doesn't like to have it hanging around,she doesn't like to have it hanging around
there is definitely some ligament damage in his knee,there is definitely some ligament damage in his knee
rake,rake
mill,mill
shoot,shoot
cheer,cheer
rake,rake
see,see
shin,shin
he played basketball there while working toward a law degree,he played basketball there while working toward a law degree
old,old
sheet,sheet
cork,cork
stimulating discussions keep students' attention,stimulating discussions keep students' attention
sin,sin
sketch,sketch
the fish swam across the pond,the fish swam across the pond
foe,foe
sew,sew
help celebrate your brother's success,help celebrate your brother's success
rid,rid
snort,snort
coconut cream pie makes a nice dessert,coconut cream pie makes a nice dessert
sort,sort
bill,bill
heat,heat
yes,yes
don't do charlie's dirty dishes,don't do charlie's dirty dishes
muck,muck
we selected places where families will be welcome,we selected places where families will be welcome
ship,ship
forward,forward
sight,sight
dead,dead
meat,meat
suddenly my reflexes are gone,suddenly my reflexes are gone
lee,lee
fort,fort
show,show
a quick touchdown resulted,a quick touchdown resulted
a quick touchdown resulted,a quick touchdown resulted
rise,rise
port,port
the four brothers looked identical,the four brothers looked identical
wise,wise
select,select
reap,reap
some prefer the traditional steel kind,some prefer the traditional steel kind
biblical scholars argue history,biblical scholars argue history
lip,lip
blend,blend
air,air
sew,sew
pork,pork
boot,boot
menu,menu
tort,tort
lend,lend
snake,snake
shop,shop
trespassers can be prosecuted and fined,trespassers can be prosecuted and fined
read,read
that's what life is really all about,that's what life is really all about
catch,catch
no,no
hold,hold
chop,chop
leak,leak
threat,threat
eat,eat
short,short
lake,lake
i scream to warm up my voice,i scream to warm up my voice
fork,fork
bill,bill
red,red
shot,shot
i called two different painters,i called two different painters
gill,gill
gill,gill
eat,eat
ride,ride
i've kept it with me ever since,i've kept it with me ever since
cake,cake
sheep,sheep
he asked you for a loan,he asked you for a loan
steak,steak
bill,bill
coat,coat
beat,beat
barb's gold bracelet was a graduation present,barb's gold bracelet was a graduation present
he,he
shed,shed
only the most accomplished artists obtain popularity,only the most accomplished artists obtain popularity
rip,rip
gas,gas
bread,bread
said,said
dug,dug
sport,sport
tug,tug
grandmother outgrew her upbringing in petticoats,grandmother outgrew her upbringing in petticoats
geese,geese
it requires no big investment,it requires no big investment
timber,timber
eight,eight
a fire in straw makes a quick blaze,a fire in straw makes a quick blaze
cash,cash
feet,feet
that pickpocket was caught red handed,that pickpocket was caught red-handed
it,it
tail,tail
code,code
cheer,cheer
bumper,bumper
fit,fit
ember,ember
those people are much quicker than i am,those people are much quicker than i am
gash,gash
her position covers a number of daily tasks common to any social director,her position covers a number of daily tasks common to any social director
member,member
basketball can be an entertaining sport,basketball can be an entertaining sport
i tell you it was wonderful,i tell you it was wonderful
see,see
the marriage went well from the start,the marriage went well from the start
i was pleased with the way things went,i was pleased with the way things went
leap,leap
eight,eight
so if anybody solicits by phone make sure you mail the dough to the above,so if anybody solicits by phone make sure you mail the dough to the above
seven,seven
five,five
six,six
row,row
beef,beef
i haven't seen that friend for years,i haven't seen that friend for years
yet he remains the fiercest of competitors,yet he remains the fiercest of competitors
yet he remains the fiercest of competitors,yet he remains the fiercest of competitors
temper,temper
dock,dock
sheer,sheer
guess,guess
ok,ok
knife,knife
her dark hair is combed casually,her dark hair is combed casually
i also can be quite vocal,i also can be quite vocal
six,six
reap,reap
beep,beep
five,five
sticks,sticks
one,one
at twilight on the twelfth day we'll have chablis,at twilight on the twelfth day we'll have chablis
they will take a wedding trip later,they will take a wedding trip later
reef,reef
mom strongly dislikes appetizers,mom strongly dislikes appetizers
reap,reap
seat,seat
sender,sender
addition and subtraction are learned skills,addition and subtraction are learned skills
addition and subtraction are learned skills,addition and subtraction are learned skills
meat,meat
ambidextrous pickpockets accomplish more,ambidextrous pickpockets accomplish more
hash,hash
four,four
zero,zero
nine,nine
center,center
tea,tea
feed,feed
fork,fork
bender,bender
she,she
renter,renter
mock,mock
nine,nine
it was very popular with our fans,it was very popular with our fans
catastrophic economic cutbacks neglect the poor,catastrophic economic cutbacks neglect the poor
pete,pete
seven,seven
ash,ash
ache,ache
see,sea
beast,beast
beat,beat
food,food
to,to
i loved every minute of it,i loved every minute of it
meat,meat
ape,ape
seam,seam
gold can be found anywhere,gold can be found anywhere
elderly people are often excluded,elderly people are often excluded
me,me
fender,fender
fender,fender
i don't think it's a good idea,i don't think it's a good idea
beam,beam
neat,neat
six,six
woe,woe
the sun died at night,the sun died at night
her classical performance gained critical acclaim,her classical performance gained critical acclaim
her classical performance gained critical acclaim,her classical performance gained critical acclaim
we just don't,we just don't
we just didn't look good,we just didn't look good
the golfing fathers ruled in his favor,the golfing fathers ruled in his favor
she suggested we all have dinner together,she suggested we all have dinner together
coat,coat
lender,lender
worse luck was still to come,worse luck was still to come
two,two
we have a big house,we have a big house
three,three
hail,hail
forks,forks
zero,zero
tender,tender
this he added brought about petty jealousies and petty personal grievances,this he added brought about petty jealousies and petty personal grievances
hatch,hatch
pet,pet
row,row
feet,feet
lax,lax
ease,ease
see,see
cat,cat
rakes,rakes
fell,fell
aid,aid
had,had
we all sat down and relaxed,we all sat down and relaxed
bunch,bunch
there was no confirmation of such massive assaults from independent sources,there was no confirmation of such massive assaults from independent sources
harm,harm
fat,fat
ease,ease
sell,sell
i didn't know where they were coming from,i didn't know where they were coming from
sticks,sticks
bunch,bunch
aches,aches
any contributions will be greatly appreciated,any contributions will be greatly appreciated
hash,hash
range was a vital detail,range was a vital detail
ate,ate
harm,harm
ail,ail
the prowler wore a ski mask for disguise,the prowler wore a ski mask for disguise
we know we can score,we know we can score
have no fear if you come alone,have no fear if you come alone
fill,fill
pat,pat
charm,charm
add,add
rip,rip
steak,steak
dock,dock
tile,tile
the structures housing the apartments are of,the structures housing the apartments are of
the structures housing the apartments are of masonry and frame construction,the structures housing the apartments are of masonry and frame construction
steak,steak
rise,rise
add,add
ache,ache
pat,pat
the lack of heat compounded the tenant's grievances,the lack of heat compounded the tenant's grievances
chap,chap
is,is
hat,hat
tall,tall
the eastern coast is a place for pure pleasure and excitement,the eastern coast is a place for pure pleasure and excitement
the plot is laced with mysterious incidents,the plot is laced with mysterious incidents
hail,hail
hall,hall
i had no desire to change my ways,i had no desire to change my ways
dug,dug
ease,ease
seat,seat
reap,reap
punch,punch
chop,chop
we experience distress and frustration obtaining our degrees,we experience distress and frustration obtaining our degrees
end,end
we shelled clams for the chowder,we shelled clams for the chowder
pit,pit
sake,sake
full,full
peas,peas
i wanted to be an actress,i wanted to be an actress
lies,lies
the legislature met to judge the state of public education,the legislature met to judge the state of public education
hat,hat
lip,lip
are,are
we are the largest of the four states,we are the largest of the four states
tile,tile
arm,arm
wax,wax
racks,racks
duck,duck
air,air
we talked about the situation,we talked about the situation
chocolate and roses never fail actually,chocolate and roses never fail actually
chocolate and roses never fail as a romantic gift,chocolate and roses never fail as a romantic gift
ate,ate
bun,bun
leap,leap
the singer's finger had a splinter,the singer's finger had a splinter
feet,feet
munch,munch
at,at
leaks,leaks
try to work things out,try to work things out
fat,fat
lit,lit
fill,fill
the job also covers a number of other items,the job also covers a number of other items
academic aptitude guarantees your diploma,academic aptitude guarantees your diploma
knock,knock
even a simple vocabulary contains symbols,even a simple vocabulary contains symbols
heat,heat
is,is
wax,wax
dial,dial
blend,blend
seed,seed
now i'm living exactly as i choose,now i'm living exactly as i choose
take,take
ache,ache
leak,leak
lip,lip
ticks,ticks
he has played very well,he has played very well
cheese,cheese
he'll sell them by the box,he'll sell them by the box
t,mile
mile,mile
pit,pit
sheet,sheet
it was a great meeting,it was a great meeting
low,low
look for pockets of black sand,look for pockets of black sand
rake,rake
pill,pill
bunch,bunch
cash,cash
begin by trying to speak up more,begin by trying to speak up more
be prepared for odd behavior from friends,be prepared for odd behavior from friends
last year's gas shortage caused steep price increases,last year's gas shortage caused steep price increases
hold,hold
bed,bed
the family requests that flowers be omitted,the family requests that flowers be omitted
was,was
was,was
tip,tip
corn,corn
wives,wives
wax,wax
he can't abide mistakes in his own game,he can't abide mistakes in his own game
dash,dash
row,row
wipe,wipe
short,short
sort,sort
that,that
leak,leak
owe,owe
he took heart and played,he took heart and played
the store serves meals every day,the store serves meals every day
challenge each general's intelligence,challenge each general's intelligence
win,win
ache,ache
hail,hail
regular attendance is seldom required,regular attendance is seldom required
blow,blow
sink,sink
we've done it in the past,we've done it in the past
eyes,eyes
we're all disappointed with our start,we're all disappointed with our start
cake,cake
fork,fork
did you eat yet,did you eat yet
continental drift is a geological theory,continental drift is a geological theory
eat your raisins outdoors on the porch steps,eat your raisins outdoors on the porch steps
rise,rise
waste,waste
low,low
cork,cork
pant,pant
when you are through write a clean report,when you are through write a clean report
hold,hold
hat,hat
hall,hall
it was a huge part of my life,it was a huge part of my life
it was time to go up myself,it was time to go up myself
pad,pad
seed,seed
we got drenched from the uninterrupted rain,we got drenched from the uninterrupted rain
we got drenched from the unternuped ain,we got drenched from the uninterrupted rain
we got drenched from the uninterrupted rain,we got drenched from the uninterrupted rain
wise,wise
wart,wart
ship,ship
she will order the wine,she will order the wine
the new highway is straight and empty,the new highway is straight and empty
the snow blew into large drifts,the snow blew into large drifts
docks,docks
hid,hid
pad,pad
wine,wine
pink,pink
fold,fold
we knew we weren't doing well,we knew we weren't doing well
you have to expect a few bad calls,you have to expect a few bad calls
hall,hall
pat,pat
weep,weep
a few may be hard to find,a few may be hard to find
tort,tort
cable confirmation it said translated,cable confirmation it said translated
this he added brought about petty jealousies and petty personal grievances,this he added brought about petty jealousies and petty personal grievances
hatch,hatch
pet,pet
row,row
lax,lax
ease,ease
see,see
cat,cat
rakes,rakes
fell,fell
aid,aid
had,had
we all sat down and relaxed,we all sat down and relaxed
bunch,bunch
there was no confirmation of such massive assaults from independent sources,there was no confirmation of such massive assaults from independent sources
harm,harm
fat,fat
ease,ease
i didn't know where they were coming from,i didn't know where they were coming from
sticks,sticks
aches,aches
any contributions will be greatly appreciated,any contributions will be greatly appreciated
hash,hash
range was a vital detail,range was a vital detail
ate,ate
harm,harm
ail,ail
the prowler wore a ski mask for disguise,the prowler wore a ski mask for disguise
we know we can score,we know we can score
have no fear if you come alone,have no fear if you come alone
fill,fill
pat,pat
charm,charm
add,add
rip,rip
steak,steak
dock,dock
tile,tile
the structures housing the apartments are of,the structures housing the apartments are of
the structures housing the apartments are of masonry and frame construction,the structures housing the apartments are of masonry and frame construction
steak,steak
rise,rise
add,add
ache,ache
pat,pat
the lack of heat compounded the tenant's grievances,the lack of heat compounded the tenant's grievances
chap,chap
is,is
hat,hat
tall,tall
the eastern coast is a place for pure pleasure and excitement,the eastern coast is a place for pure pleasure and excitement
the plot is laced with mysterious incidents,the plot is laced with mysterious incidents
hail,hail
i had no desire to change my ways,i had no desire to change my ways
dug,dug
ease,ease
seat,seat
reap,reap
punch,punch
chop,chop
we experienced distress and frustration obtaining our degrees,we experience distress and frustration obtaining our degrees
end,end
we shelled clams for the chowder,we shelled clams for the chowder
pit,pit
sake,sake
full,full
peas,peas
i wanted to be an actress,i wanted to be an actress
lies,lies
the legislature met to judge the state of public education,the legislature met to judge the state of public education
hat,hat
lip,lip
are,are
we are the largest of the four states,we are the largest of the four states
tile,tile
arm,arm
wax,wax
racks,racks
duck,duck
air,air
we talked about the situation,we talked about the situation
chocolate and roses never fail actually,chocolate and roses never fail actually
chocolate and roses never fail as a romantic gift,chocolate and roses never fail as a romantic gift
ate,ate
bun,bun
leap,leap
the singer's finger had a splinter,the singer's finger had a splinter
feet,feet
munch,munch
at,at
leaks,leaks
try to work things out,try to work things out
fat,fat
lit,lit
fill,fill
the job also covers a number of other items,the job also covers a number of other items
academic aptitude guarantees your diploma,academic aptitude guarantees your diploma
knock,knock
even a simple vocabulary contains symbols,even a simple vocabulary contains symbols
heat,heat
is,is
wax,wax
dial,dial
blend,blend
seed,seed
now i'm living exactly as i choose,now i'm living exactly as i choose
take,take
ache,ache
leak,leak
lip,lip
ticks,ticks
he has played very well,he has played very well
cheese,cheese
he'll sell them by the box,he'll sell them by the box
mile,mile
pit,pit
sheet,sheet
it was a great meeting,it was a great meeting
low,low
look for pockets of black sand,look for pockets of black sand
rake,rake
pill,pill
bunch,bunch
cash,cash
begin by trying to speak up more,begin by trying to speak up more
be prepared for odd behavior from friends,be prepared for odd behavior from friends
last year's gas shortage caused steep price increases,last year's gas shortage caused steep price increases
hold,hold
bed,bed
the family requests that flowers be omitted,the family requests that flowers be omitted
was,was
was,was
tip,tip
corn,corn
wives,wives
wax,wax
he can't abide mistakes in his own game,he can't abide mistakes in his own game
dash,dash
row,row
wipe,wipe
sort,sort
that,that
leak,leak
owe,owe
he took heart and played,he took heart and played
the store serves meals every day,the store serves meals every day
challenge each general's intelligence,challenge each general's intelligence
win,win
ache,ache
hail,hail
regular attendance is seldom required,regular attendance is seldom required
blow,blow
sink,sink
we've done it in the past,we've done it in the past
eyes,eyes
we're all disappointed with our start,we're all disappointed with our start
cake,cake
fork,fork
did you eat yet,did you eat yet
continental drift is a geological theory,continental drift is a geological theory
eat your raisins outdoors on the porch steps,eat your raisins outdoors on the porch steps
rise,rise
waste,waste
low,low
cork,cork
pant,pant
when you are through write a clean report,when you are through write a clean report
hold,hold
hat,hat
hall,hall
it was a huge part of my life,it was a huge part of my life
it was time to go up myself,it was time to go up myself
pad,pad
seed,seed
we got drenched from the uninterrupted rain,we got drenched from the uninterrupted rain
we got drenched from the unternuped ain,we got drenched from the uninterrupted rain
we got drenched from the uninterrupted rain,we got drenched from the uninterrupted rain
wise,wise
wart,wart
ship,ship
she will order the wine,she will order the wine
the new highway is straight and empty,the new highway is straight and empty
the snow blew into large drifts,the snow blew into large drifts
docks,docks
hid,hid
pad,pad
wine,wine
pink,pink
fold,fold
we knew we weren't doing well,we knew we weren't doing well
you have to expect a few bad calls,you have to expect a few bad calls
hall,hall
pat,pat
weep,weep
a few may be hard to find,a few may be hard to find
tort,tort
cable confirmation it said translated,cable confirmation it said translated
grandfather likes to be modern in his language,grandfather likes to be modern in his language
tip,tip
horn,horn
beat,beat
i will lead you,i will lead you
i can read,i can read
dug,dug
sticks,sticks
rain,rain
no,no
but he always asers sa agai,but he always answers banana oil
but he always answers banana oil,but he always answers banana oil
feet,feet
glow,glow
swarm,swarm
left,left
form,form
feed,feed
i can read,i can read
air,air
farm,farm
two,two
usually minus several buttons,usually minus several buttons
born,born
wright,right
pat,pat
rage,rage
storm,storm
storm,storm
ship,ship
down,down
meat,meat
for,for
rake,rake
yes,yes
corn,corn
swarm,swarm
grandfather likes to be modern in his language,grandfather likes to be modern in his language
tip,tip
horn,horn
beat,beat
i will lead you,i will lead you
i can read,i can read
dug,dug
sticks,sticks
rain,rain
no,no
but he always aseraa,but he always answers banana oil
but he always answers banana oil,but he always answers banana oil
feet,feet
glow,glow
swarm,swarm
left,left
form,form
feed,feed
i can read,i can read
air,air
farm,farm
two,two
usually minus several buttons,usually minus several buttons
born,born
writ,right
pat,pat
rage,rage
storm,storm
storm,storm
ship,ship
down,down
meat,meat
for,for
rake,rake
yes,yes
corn,corn
swarm,swarm
one,one
air,air
torn,torn
grow,grow
store,store
sheet,sheet
the quick brown fox jumps over the lazy dog,the quick brown fox jumps over the lazy dog
train,train
beat,beat
feed,feed
feet,feet
wish,wish
troop,troop
mere,mere
pot,pot
we gathered shells on the beach,we gathered shells on the beach
air,air
galore,galore
play,play
urgent,urgent
both figures would go higher in later years,both figures would go higher in later years
forward,forward
shoot,shoot
peer,peer
jaw,jaw
witch,witch
three,three
tile,tile
boot,boot
area,area
steer,steer
deer,deer
she is thinner than i am,she is thinner than i am
pat,pat
just one side got wet,just one side got wet
thigh,thigh
mother sews yellow gingham aprons,mother sews yellow gingham aprons
lip,lip
sleep,sleep
hate,hate
group,group
i scrubbed the floors thoroughly,i scrubbed the floors thoroughly
i just try to do my best,i just try to do my best
ate,ate
their house is grey and white,their house is grey and white
nothing is as offensive as innocence,nothing is as offensive as innocence
no,no
delta,delta
menu,menu
all the big baseball players get traded,all the big baseball players get traded
slay,slay
my sister made the flowered curtains,my sister made the flowered curtains
four,four
much,much
write,write
rocks,rocks
cope,cope
coupe,coupe
white,white
cheer,cheer
ate,ate
pad,pad
yes,yes
hear,hear
write,write
whoop,whoop
he will allow a rare lie,he will allow a rare lie
select,select
darn,darn
this is not a program of socialized medicine,this is not a program of socialized medicine
leak,leak
at,at
fat,fat
zero,zero
it eventually became a rather proud claim,it eventually became a rather proud claim
bloat,bloat
oscar,oscar
there is a treehouse up above,there is a treehouse up above
shy,shy
blow,blow
seven,seven
at,at
eigt,eight
pit,pit
this is a period of transition for me,this is a period of transition for me
cake,cake
when all else fails use force,when all else fails use force
fill,fill
night after night they received annoying phone calls,night after night they received annoying phone calls
and,and
november,november
much,much
i expect we'll bounce back this week,i expect we'll bounce back this week
five,five
top,top
take,take
chop,chop
fat,fat
leak,leak
nine,nine
alfalfa is healthy for you,alfalfa is healthy for you
the job provides many benefits,the job provides many benefits
leak,leak
the books are very expensive,the books are very expensive
lima,lima
pitting,pitting
a roll of wire lay near the wall,a roll of wire lay near the wall
no,no
witch,witch
vat,vat
it was a good win for us,it was a good win for us
spain,spain
sell,sell
he wrapped the package hastily,he wrapped the package hastily
mush,mush
both injuries were to the same leg,both injuries were to the same leg
league,league
six,six
pit,pit
seed,seed
hat,hat
yes,yes
ticker,ticker
one,one
air,air
torn,torn
grow,grow
store,store
sheet,sheet
the quick brown fox jumps over the lazy dog,the quick brown fox jumps over the lazy dog
train,train
beat,beat
feed,feed
feet,feet
wish,wish
troop,troop
mere,mere
pot,pot
we gathered shells on the beach,we gathered shells on the beach
air,air
galore,galore
play,play
urgent,urgent
both figures would go higher in later years,both figures would go higher in later years
forward,forward
shoot,shoot
peer,peer
jaw,jaw
witch,witch
three,three
tile,tile
boot,boot
area,area
ssteer,steer
deer,deer
she is thinner than i am,she is thinner than i am
pat,pat
just one side got wet,just one side got wet
thigh,thigh
mother sews yellow gingham aprons,mother sews yellow gingham aprons
lip,lip
sleep,sleep
hate,hate
group,group
i scrubbed the floors thoroughly,i scrubbed the floors thoroughly
i just try to do my best,i just try to do my best
ate,ate
their house is grey and white,their house is grey and white
nothing is as offensive as innocence,nothing is as offensive as innocence
no,no
delta,delta
menu,menu
all the big baseball players get traded,all the big baseball players get traded
slay,slay
my sister made the flowered curtains,my sister made the flowered curtains
four,four
much,much
write,write
rocks,rocks
cope,cope
coupe,coupe
white,white
cheer,cheer
ate,ate
pad,pad
yes,yes
hear,hear
write,write
whoop,whoop
he will allow a rare lie,he will allow a rare lie
select,select
darn,darn
this is not a program of socialized medicine,this is not a program of socialized medicine
leak,leak
at,at
fat,fat
zero,zero
it eventually became a rather proud claim,it eventually became a rather proud claim
bloat,bloat
oscar,oscar
there is a treehouse up above,there is a treehouse up above
aluminum silverware can often be flimsy,aluminum silverware can often be flimsy
shy,shy
blow,blow
seven,seven
at,at
eigt,eight
pit,pit
this is a period of transition for me,this is a period of transition for me
cake,cake
when all else fails use force,when all else fails use force
fill,fill
night after night they received annoying phone calls,night after night they received annoying phone calls
and,and
november,november
much,much
i expect we'll bounce back this week,i expect we'll bounce back this week
five,five
top,top
take,take
chop,chop
fat,fat
leak,leak
nine,nine
alfalfa is healthy for you,alfalfa is healthy for you
the job provides many benefits,the job provides many benefits
leak,leak
the books are very expensive,the books are very expensive
lima,lima
pitting,pitting
a roll of wire lay near the wall,a roll of wire lay near the wall
no,no
witch,witch
vat,vat
it was a good win for us,it was a good win for us
spain,spain
sell,sell
he wrapped the package hastily,he wrapped the package hastily
mush,mush
both injuries were to the same leg,both injuries were to the same leg
league,league
six,six
pit,pit
seed,seed
hat,hat
yes,yes
ticker,ticker
grow,grow
feed,feed
pat,pat
farm,farm
rain,rain
feet,feet
ship,ship
grandfather likes to be modern in his language,grandfather likes to be modern in his language
one,one
torn,torn
swarm,swarm
i can read,i can read
feet,feet
sticks,sticks
tip,tip
he dresses himself in an ancient black frock coat,he dresses himself in an ancient black frock coat
yes,yes
store,store
swarm,swarm
horn,horn
sheet,sheet
beat,beat
no,no
usually minus several buttons,usually minus several buttons
train,train
we have often urged him to walk more and smoke less,we have often urged him to walk more and smoke less
left,left
born,born
beat,beat
wright,right
storm,storm
down,down
glow,glow
form,form
dug,dug
storm,storm
meat,meat
rake,rake
air,air
i can read,i can read
air,air
rage,rage
for,for
corn,corn
feed,feed
the quick brown fox jumps over the lazy dog,the quick brown fox jumps over the lazy dog
but he always answers banana oil,but he always answers banana oil
two,two
i just try to do my best,i just try to do my best
both figures would go higher in later years,both figures would go higher in later years
menu,menu
area,area
hear,hear
ate,ate
write,write
hate,hate
whoop,whoop
no,no
drop,drop
shout,shout
shoot,shoot
pot,pot
boot,boot
three,three
play,play
pad,pad
all the big baseball players get traded,all the big baseball players get traded
cheer,cheer
i can play this weekend,i can play this weekend
write,write
witch,witch
steer,steer
galore,galore
we gathered shells on the beach,we gathered shells on the beach
he will allow a rare lie,he will allow a rare lie
wish,wish
ate,ate
their house is grey and white,their house is grey and white
nothing is as offensive as innocence,nothing is as offensive as innocence
slay,slay
rocks,rocks
she is thinner than i am,she is thinner than i am
urgent,urgent
just one side got wet,just one side got wet
forward,forward
four,four
peer,peer
delta,delta
tile,tile
mere,mere
mother sews yellow gingham aprons,mother sews yellow gingham aprons
much,much
troop,troop
i scrubbed the floors thoroughly,i scrubbed the floors thoroughly
thigh,thigh
deer,deer
grow,grow
feed,feed
pat,pat
farm,farm
rain,rain
feet,feet
ship,ship
grandfather likes to be modern in his language,grandfather likes to be modern in his language
one,one
torn,torn
swarm,swarm
i can read,i can read
feet,feet
sticks,sticks
tip,tip
yes,yes
store,store
swarm,swarm
horn,horn
sheet,sheet
beat,beat
no,no
usually minus several buttons,usually minus several buttons
train,train
we have often urged him to walk more and smoke less,we have often urged him to walk more and smoke less
left,left
born,born
beat,beat
writ,right
storm,storm
down,down
glow,glow
form,form
dug,dug
storm,storm
meat,meat
rake,rake
air,air
i can read,i can read
air,air
rage,rage
four,for
corn,corn
feed,feed
the quick brown fox jumps over the lazy dog,the quick brown fox jumps over the lazy dog
but he always answers banana oil,but he always answers banana oil
two,two
i just try to do my best,i just try to do my best
both figures would go higher in later years,both figures would go higher in later years
menu,menu
area,area
hear,hear
ate,ate
write,write
hate,hate
whoop,whoop
no,no
drop,drop
shout,shout
shoot,shoot
pot,pot
boot,boot
three,three
play,play
pad,pad
all the big baseball players get traded,all the big baseball players get traded
cheer,cheer
i can play this weekend,i can play this weekend
write,write
witch,witch
steer,steer
galore,galore
we gathered shells on the beach,we gathered shells on the beach
he will allow a rare lie,he will allow a rare lie
wish,wish
ate,ate
their house is grey and white,their house is grey and white
nothing is as offensive as innocence,nothing is as offensive as innocence
slay,slay
rocks,rocks
she is thinner than i am,she is thinner than i am
urgent,urgent
just one side got wet,just one side got wet
forward,forward
four,four
peer,peer
delta,delta
tile,tile
mere,mere
mother sews yellow gingham aprons,mother sews yellow gingham aprons
much,much
troop,troop
i scrubbed the floors thoroughly,i scrubbed the floors thoroughly
thigh,thigh
deer,deer
group,group
air,air
select,select
yes,yes
white,white
my sister made the flowered curtains,my sister made the flowered curtains
lip,lip
sleep,sleep
coupe,coupe
pat,pat
and,and
a roll of wire lay near the wall,a roll of wire lay near the wall
fat,fat
sell,sell
at,at
pitting,pitting
vat,vat
lima,lima
this is a period of transition for me,this is a period of transition for me
take,take
seed,seed
fill,fill
he wrapped the package hastily,he wrapped the package hastily
pit,pit
pit,pit
november,november
eight,eight
bloat,bloat
,oh
yes,yes
leak,leak
oscar,oscar
at,at
spain,spain
chop,chop
nine,nine
cake,cake
the books are very expensive,the books are very expensive
zero,zero
seven,seven
i expect we'll bounce back this week,i expect we'll bounce back this week
blow,blow
alfalfa is healthy for you,alfalfa is healthy for you
night after night they received annoying phone calls,night after night they received annoying phone calls
top,top
it was a good win for us,it was a good win for us
shy,shy
six,six
there is a treehouse up above,there is a treehouse up above
pit,pit
fat,fat
league,league
the job provides many benefits,the job provides many benefits
the job provides many benefits,the job provides many benefits
hat,hat
witch,witch
leak,leak
mush,mush
leak,leak
no,no
when all else fails use force,when all else fails use force
darn,darn
bread,bread
the owners regularly look for plumbing leaks,the owners regularly look for plumbing leaks
being able to dance can help too,being able to dance can help too
hand,hand
witch,witch
group,group
air,air
air,air
select,select
yes,yes
white,white
my sister made the flowered curtainss,my sister made the flowered curtains
lip,lip
sleep,sleep
coupe,coupe
pat,pat
and,and
a roll of wire lay near the wall,a roll of wire lay near the wall
aluminum silverware can often be flimsy,aluminum silverware can often be flimsy
fat,fat
sell,sell
at,at
pitting,pitting
both injuries were to the same leg,both injuries were to the same leg
vat,vat
lima,lima
this is a period of transition for me,this is a period of transition for me
take,take
seed,seed
this is not a program of socialized medicine,this is not a program of socialized medicine
fill,fill
he wrapped the package hastily,he wrapped the package hastily
pit,pit
pit,pit
pit,pit
november,november
eight,eight
bloat,bloat
relax,relax
oh,oh
yes,yes
leak,leak
oscar,oscar
at,at
spain,spain
chop,chop
nine,nine
cake,cake
the books are very expensive,the books are very expensive
zero,zero
seven,seven
i expect we'll bounce back this week,i expect we'll bounce back this week
blow,blow
alfalfa is healthy for you,alfalfa is healthy for you
night after night they received  annoying phone calls,night after night they received annoying phone calls
top,top
it was a good win for us,it was a good win for us
shy,shy
six,six
there is a treehouse up above,there is a treehouse up above
pit,pit
fat,fat
league,league
the job provides many benefits,the job provides many benefits
the job provides many benefits,the job provides many benefits
hat,hat
witch,witch
leak,leak
mush,mush
leak,leak
no,no
when all else fails use force,when all else fails use force
darn,darn
bread,bread
the owners regularly look for plumbing leaks,the owners regularly look for plumbing leaks
being able to dance can helptoo,being able to dance can help too
hand,hand
witch,witch
said,said
store,store
form,form
meat,meat
beat,beat
rake,rake
the quick brown fox jumps over the lazy dog,the quick brown fox jumps over the lazy dog
one,one
air,air
storm,storm
wriht,right
i can read,i can read
i can read,i can read
sticks,sticks
grow,grow
pat,pat
dug,dug
torn,torn
left,left
feed,feed
but he always answers banana oil,but he always answers banana oil
air,air
beat,beat
down,down
farm,farm
born,born
rage,rage
feet,feet
when when,when when
rain,rain
swarm,swarm
sheet,sheet
feet,feet
feed,feed
usually minus several buttons,usually minus several buttons
two,two
horn,horn
for,for
glow,glow
corn,corn
storm,storm
yes,yes
tip,tip
no,no
ship,ship
train,train
sticks,sticks
left,left
writ,right
feet,feet
form,form
storm,storm
sheet,sheet
yes,yes
swarm,swarm
rage,rage
down,down
the quick brown fox jumps over the lazy dog,the quick brown fox jumps over the lazy dog
meat,meat
train,train
feed,feed
feed,feed
farm,farm
usually minus several buttons,usually minus several buttons
dug,dug
grow,grow
for,for
beat,beat
ship,ship
rake,rake
feet,feet
air,air
store,store
feed,feed
born,born
one,one
tip,tip
swarm,swarm
but he always answers banana oil,but he always answers banana oil
glow,glow
air,air
horn,horn
horn,horn
torn,torn
two,two
corn,corn
pat,pat
beat,beat
rain,rain
no,no
storm,storm
whoop,whoop
wish,wish
boot,boot
three,three
hate,hate
steer,steer
she is thinner than i am,she is thinner than i am
pad,pad
group,group
slay,slay
peer,peer
witch,witch
lip,lip
area,area
we gathered shellson the beach,we gathered shells on the beach
galore,galore
write,write
he will allow a rare lie,he will allow a rare lie
he will allow a rare lie,he will allow a rare lie
just one side got wet,just one side got wet
no,no
white,white
delta,delta
menu,menu
hear,hear
i scrubbed the floors thoroughly,i scrubbed the floors thoroughly
all the big baseball players get traded,all the big baseball players get traded
urgent,urgent
urgent,urgent
ate,ate
air,air
rocks,rocks
rocks,rocks
rocks,rocks
play,play
ate,ate
troop,troop
their house is grey and white,their house is grey and white
deer,deer
nothing is as offesve as innocence,nothing is as offensive as innocence
nothing is as offensive s innocence,nothing is as offensive as innocence
four,four
select,select
mere,mere
coupe,coupe
pot,pot
sleep,sleep
pat,pat
write,write
shoot,shoot
thigh,thigh
tile,tile
tile,tile
yes,yes
forward,forward
hat,hat
it was a good win for us,it was a good win for us
pitting,pitting
pitting,pitting
fat,fat
there is a treehouse up above,there is a treehouse up above
vat,vat
both injuries were to the same leg,both injuries were to the same leg
sticks,sticks
left,left
write,right
feet,feet
form,form
storm,storm
sheet,sheet
yes,yes
swarm,swarm
rage,rage
down,down
meat,meat
train,train
feed,feed
feed,feed
farm,farm
usually minus several buttons,usually minus several buttons
dug,dug
grow,grow
for,for
beat,beat
ship,ship
rake,rake
feet,feet
air,air
store,store
feed,feed
born,born
one,one
tip,tip
swarm,swarm
but he always answers banana oil,but he always answers banana oil
glow,glow
air,air
horn,horn
horn,horn
torn,torn
two,two
corn,corn
pat,pat
beat,beat
rain,rain
no,no
storm,storm
whoop,whoop
wish,wish
boot,boot
three,three
hate,hate
steer,steer
she is thinner than i am,she is thinner than i am
pad,pad
group,group
slay,slay
peer,peer
witch,witch
lip,lip
area,area
we gathered shellon the beach,we gathered shells on the beach
galore,galore
cheer,cheer
write,write
he will allow a rare lie,he will allow a rare lie
he will allow a rare lie,he will allow a rare lie
just one side got wet,just one side got wet
no,no
white,white
delta,delta
menu,menu
hear,hear
i scrubbed the floors thoroughly,i scrubbed the floors thoroughly
all the big baseball players get traded,all the big baseball players get traded
urgent,urgent
urgent,urgent
ate,ate
air,air
rocks,rocks
rocks,rocks
rocks,rocks
play,play
ate,ate
troop,troop
their house is grey and white,their house is grey and white
deer,deer
nothing is as offensive s innocence,nothing is as offensive as innocence
four,four
select,select
mere,mere
coupe,coupe
pot,pot
sleep,sleep
pat,pat
write,write
shoot,shoot
thigh,thigh
tile,tile
tile,tile
yes,yes
forward,forward
hat,hat
it was a good win for us,it was a good win for us
pitting,pitting
pitting,pitting
fat,fat
there is a treehouse up above,there is a treehouse up above
vat,vat
train,train
feet,feet
sheet,sheet
stoorm,storm
horn,horn
left,left
form,form
down,down
feed,feed
tip,tip
yes,yes
one,one
feet,feet
store,store
rake,rake
storm,storm
torn,torn
swwarm,swarm
usually minus several buttons,usually minus several buttons
farm,farm
wright,right
glow,glow
beat,beat
for,for
two,two
pat,pat
rages,rage
no,no
but hea's answers banana,but he always answers banana oil
dug,dug
born,born
swarm,swarm
corn,corn
sticks,sticks
air,air
meat,meat
beat,beat
beat,beat
grow,grow
feed,feed
air,air
ship,ship
train,train
feet,feet
sheet,sheet
storm,storm
horn,horn
left,left
form,form
down,down
feed,feed
tip,tip
yes,yes
one,one
feet,feet
store,store
rake,rake
storm,storm
torn,torn
swwarm,swarm
usually minus several buttons,usually minus several buttons
farm,farm
right,right
glow,glow
beat,beat
for,for
two,two
pat,pat
rage,rage
no,no
but he always answers banana oil,but he always answers banana oil
dug,dug
born,born
swarm,swarm
corn,corn
sticks,sticks
air,air
meat,meat
beat,beat
beat,beat
grow,grow
feed,feed
rain,rain
air,air
ship,ship
boot,boot
sleep,sleep
he will allow a rare lie,he will allow a rare lie
whoop,whoop
no,no
coupe,coupe
rocks,rocks
air,air
galore,galore
my sister made the flowered curtains,my sister made the flowered curtains
pat,pat
deer,deer
much,much
group,group
mother sews yellow gingham aprons,mother sews yellow gingham aprons
four,four
urgent,urgent
area,area
area,area
mere,mere
we gathered shells on the beach,we gathered shells on the beach
hear,hear
pot,pot
cheer,cheer
thigh,thigh
steer,steer
hate,hate
forward,forward
ate,ate
write,write
she is thinner than i am,she is thinner than i am
pad,pad
slay,slay
their house is grey and white,their house is grey and white
ate,ate
i scrubbed the floors thoroughly,i scrubbed the floors thoroughly
delta,delta
menu,menu
lip,lip
lip,lip
select,select
witch,witch
write,write
ijust try to do my best,i just try to do my best
yes,yes
tile,tile
wish,wish
three,three
troop,troop
just one side got wet,just one side got wet
play,play
peer,peer
all the big baseball players get  traded,all the big baseball players get traded
shoot,shoot
pitting,pitting
,pitting
pitting,pitting
top,top
alfalfa is healthy for you,alfalfa is healthy for you
fill,fill
six,six
he wrapped the package hastily,he wrapped the package hastily
shy,shy
darn,darn
fat,fat
leak,leak
mush,mush
leak,leak
i expect we'll bounce back this week,i expect we'll bounce back this week
much,much
at,at
no,no
witch,witch
oscar,oscar
hat,hat
lima,lima
nine,nine
pit,pit
there is a treehouse up above,there is a treehouse up above
blow,blow
it was a good win for us,it was a good win for us
five,five
the job provides many benefits,the job provides many benefits
the books are very expensive,the books are very expensive
at,at
when all else fails use force,when all else fails use force
cake,cake
november,november
chop,chop
eight,eight
seven,seven
seed,seed
bloat,bloat
and,and
zero,zero
vat,vat
fat,fat
league,league
spain,spain
yes,yes
leak,leak
take,take
sell,sell
pit,pit
litter,litter
romeo,romeo
did dad do academic bidding,did dad do academic bidding
x ray,x-ray
in,in
and,and
ship,ship
wit,wit
ham,ham
rikt,right
the wait for work can be very long,the wait for work can be very long
sin,sin
sand,sand
sin,sin
down,down
we have an excellent team,we have an excellent team
sit,sit
yes,yes
we bought a brown chair,we bought a brown chair
beg that guard for one gallon of gas,beg that guard for one gallon of gas
ned,ned
said,said
i,quicker
sellr,sell
red,red
hand,hand
fork,fork
being able to dance can help too,being able to dance can help too
get a calico cat to kkeep,get a calico cat to keep
i'm willing to experiment for the first time,i'm willing to experiment for the first time
bed,bed
witch,witch
witch,witch
a,a
no,no
dead,dead
although always alone we survive,although always alone we survive
you can ride stagecoach,you can ride stagecoach
sink,sink
only lawyers love millionaires,only lawyers love millionaires
ticker,ticker
one,one
the pair of shoes was new,the pair of shoes was new
spark spark spark,spark spark spark
one,one
feed,feed
sheet,sheet
horn,horn
torn,torn
left,left
usually minus several buttons,usually minus several buttons
beat,beat
beat,beat
swarm,swarm
two,two
rage,rage
feet,feet
ship,ship
no,no
storm,storm
dug,dug
for,for
glow,glow
down,down
pat,pat
corn,corn
train,train
born,born
grow,grow
but he always answers banana oil,but he always answers banana oil
the quick brown fox jumps over the lazy dog,the quick brown fox jumps over the lazy dog
air,air
air,air
form,form
right,right
farm,farm
rain,rain
rake,rake
feet,feet
feed,feed
grandfather likes to be modern in his language,grandfather likes to be modern in his language
store,store
sticks,sticks
he dresses himself in an ancient black frock coat,he dresses himself in an ancient black frock coat
yes,yes
storm,storm
tip,tip
meat,meat
swarm,swarm
we have often urged him to walk more and smoke less,we have often urged him to walk more and smoke less
much,much
just one side got wet,just one side got wet
hate,hate
write,write
skip aha slip,skip ah slip
steer,steer
group,group
eate,ate
i scrubbed the floors thoroughly,i scrubbed the floors thoroughly
hear,hear
whoop,whoop
urgent,urgent
their house is grey and white,their house is grey and white
he will allow a rare lie,he will allow a rare lie
pad,pad
mother sews yellow gingham aprons,mother sews yellow gingham aprons
pot,pot
four,four
i just try to do my best,i just try to do my best
my sister made the flowered curtains,my sister made the flowered curtains
shoot,shoot
slay,slay
lip,lip
forward,forward
no,no
boot,boot
she is thinner than i am,she is thinner than i am
troop,troop
thigh,thigh
witch,witch
menu,menu
pat,pat
wish,wish
nothing is as offensive as innocence,nothing is as offensive as innocence
peer,peer
air,air
white,white
all the big baseball players get traded,all the big baseball players get traded
three,three
both figures would go higher in later years,both figures would go higher in later years
we gathered shells on the beach,we gathered shells on the beach
cheer,cheer
cheer,cheer
coupe,coupe
tile,tile
yes,yes
rocks,rocks
select,select
delta,delta
sleep,sleep
play,play
write,write
deer,deer
area,area
ate,ate
mere,mere
galore,galore
it was a good win for us,it was a good win for us
take,take
leak,leak
at,at
the books are very expensive,the books are very expensive
alfalfa is healthy for you,alfalfa is healthy for you
aluminum silverware can often be flimsy,aluminum silverware can often be flimsy
chop,chop
fat,fat
six,six
sell,sell
and,and
yes,yes
cake,cake
at,at
it eventually became a rather proud claim,it eventually became a rather proud claim
oscar,oscar
nine,nine
hat,hat
leak,leak
pit,pit
top,top
witch,witch
darn,darn
it also provides for funds to clear slums and help colleges build dormitories,it also provides for funds to clear slums and help colleges build dormitories
he wrapped the package hastily,he wrapped the package hastily
fill,fill
spain,spain
a roll of wire lay near the wall,a roll of wire lay near the wall
zero,zero
seven,seven
lima,lima
the job provides many benefits,the job provides many benefits
eight,eight
no,no
when all else fails use force,when all else fails use force
spark spark spark,spark spark spark
one,one
feed,feed
sheet,sheet
horn,horn
torn,torn
left,left
usually minus several buttons,usually minus several buttons
beat,beat
beat,beat
swarm,swarm
two,two
rage,rage
feet,feet
ship,ship
no,no
storm,storm
dug,dug
four,for
glow,glow
down,down
pat,pat
corn,corn
train,train
born,born
grow,grow
but he always answers banana oil,but he always answers banana oil
the quick brown fox jumps over the lazy dog,the quick brown fox jumps over the lazy dog
air,air
air,air
form,form
wright,right
farm,farm
rain,rain
rake,rake
feet,feet
feed,feed
grandfather likes to be modern in his language,grandfather likes to be modern in his language
store,store
sticks,sticks
he dresses himself in an ancient black frock coat,he dresses himself in an ancient black frock coat
yes,yes
storm,storm
tip,tip
meat,meat
swarm,swarm
we have often urged him to walk more and smoke less,we have often urged him to walk more and smoke less
much,much
just one side got wet,just one side got wet
hate,hate
write,write
skip ah slip,skip ah slip
steer,steer
group,group
ate,ate
i scrubbed the floors thoroughly,i scrubbed the floors thoroughly
hear,hear
whoop,whoop
urgent,urgent
their house is grey and white,their house is grey and white
he will allow a rare lie,he will allow a rare lie
pad,pad
mother sews yellow gingham aprons,mother sews yellow gingham aprons
pot,pot
four,four
i just try to do my best,i just try to do my best
my sister made the flowered curtains,my sister made the flowered curtains
shoot,shoot
slay,slay
lip,lip
forward,forward
no,no
boot,boot
she is thinner than i am,she is thinner than i am
troop,troop
thigh,thigh
witch,witch
menu,menu
pat,pat
wish,wish
nothing is as offensive as innocence,nothing is as offensive as innocence
peer,peer
air,air
white,white
all the big baseball players get traded,all the big baseball players get traded
three,three
both figures would go higher in later years,both figures would go higher in later years
we gathered shells on the beach,we gathered shells on the beach
cheer,cheer
cheer,cheer
coupe,coupe
tile,tile
yes,yes
rocks,rocks
select,select
delta,delta
sleep,sleep
play,play
write,write
deer,deer
area,area
ate,ate
mere,mere
galore,galore
it was a good win for us,it was a good win for us
take,take
leak,leak
at,at
the books are very expensive,the books are very expensive
alfalfa is healthy for you,alfalfa is healthy for you
aluminum silverware can often be flimsy,aluminum silverware can often be flimsy
chop,chop
fat,fat
six,six
sell,sell
and,and
yes,yes
cake,cake
at,at
it eventually became a rather proud claim,it eventually became a rather proud claim
oscar,oscar
nine,nine
hat,hat
leak,leak
pit,pit
top,top
witch,witch
darn,darn
it also provides for funds to clear slums and help colleges build dormitories,it also provides for funds to clear slums and help colleges build dormitories
he wrapped the package hastily,he wrapped the package hastily
fill,fill
spain,spain
a roll of wire lay near the wall,a roll of wire lay near the wall
zero,zero
seven,seven
lima,lima
the job provides many benefits,the job provides many benefits
eight,eight
no,no
when all else fails use force,when all else fails use force
much,much
night after night they received annoying phone calls,night after night they received annoying phone calls
nothing has been done yet to take advantage of the enabling legislation,nothing has been done yet to take advantage of the enabling legislation
league,league
vat,vat
leak,leak
there is a treehouse up above,there is a treehouse up above
november,november
pitting,pitting
mush,mush
this is not a program of socialized medicine,this is not a program of socialized medicine
both injuries were to the same leg,both injuries were to the same leg
five,five
seed,seed
bloat,bloat
this is a period of transition for me,this is a period of transition for me
this is a period of transition for me,this is a period of transition for me
fat,fat
i expect we'll bounce back this week,i expect we'll bounce back this week
shy,shy
pit,pit
blow,blow
left,left
most young rise early every morning,most young rise early every morning
bed,bed
nut,nut
the owners regularly look for plumbing leaks,the owners regularly look for plumbing leaks
the wait for work can be very long,the wait for work can be very long
zulu,zulu
yes,yes
sink,sink
quicker,quicker
this is a good place though small,this is a good place though small
travel is about the only leisure we have,travel is about the only leisure we have
shell,shell
i'm willing to experiment for the first time,i'm willing to experiment for the first time
hand,hand
a,a
ticker,ticker
being able to dance can help too,being able to dance can help too
neat,neat
we have an excellent team,we have an excellent team
tin,tin
sand,sand
nod,nod
ham,ham
it's fun to roast marshmallows on a gas burner,it's fun to roast marshmallows on a gas burner
you can ride stagecoach,you can ride stagecoach
rest,rest
help greg to pick a peck of potatoes,help greg to pick a peck of potatoes
shoot,shoot
ship,ship
down,down
only lawyers love millionaires,only lawyers love millionaires
get a calico cat to keep,get a calico cat to keep
beg that guard for one gallon of gas,beg that guard for one gallon of gas
meat,meat
red,red
two,two
four,four
dead,dead
wit,wit
he really crucified him he nailed it for a yard loss,he really crucified him he nailed it for a yard loss
he really crucified him he nailed it for a yard loss,he really crucified him he nailed it for a yard loss
please open the window quickly,please open the window quickly
he took me out one day,he took me out one day
no,no
witch,witch
one,one
in,in
you want him to do well,you want him to do well
x ray,x-ray
although always alone we survive,although always alone we survive
the pair of shoes was new,the pair of shoes was new
fork,fork
lock,lock
sheet,sheet
sin,sin
sit,sit
then we'd really have someplace to go,then we'd really have someplace to go
ned,ned
litter,litter
people who value themselves are life's winners,people who value themselves are life's winners
bread,bread
sin,sin
romeo,romeo
said,said
white capped waves covered the entire bay,white-capped waves covered the entire bay
sicker,sicker
those musicians harmonize marvelously,those musicians harmonize marvelously
flicker,flicker
wriht,right
sell,sell
liquor,liquor
we bought a brown chair,we bought a brown chair
hand,hand
and,and
did dad do academic bidding,did dad do academic bidding
i've kept it with me ever since,i've kept it with me ever since
stimulating discussions keep students' attention,stimulating discussions keep students' attention
muck,muck
i scream to warm up my voice,i scream to warm up my voice
said,said
rid,rid
do they make any money,do they make any money
night,night
bill,bill
ray,ray
tug,tug
blend,blend
heat,heat
beat,beat
lake,lake
leak,leak
sew,sew
thread,thread
a quick touchdown resulted,a quick touchdown resulted
i think i'm full of this stuff,i think i'm full of this stuff
sew,sew
coconut cream pie makes a nice dessert,coconut cream pie makes a nice dessert
sport,sport
eat,eat
bend,bend
quart,quart
ride,ride
sort,sort
shin,shin
bill,bill
bill,bill
eat,eat
rake,rake
dill,dill
young people participate in athletic activities,young people participate in athletic activities
geese,geese
sketch,sketch
fort,fort
sheep,sheep
sew,sew
weep,weep
wise,wise
i called two different painters,i called two different painters
boot,boot
meat,meat
barb's gold bracelet was a graduation present,barb's gold bracelet was a graduation present
he,he
blend,blend
forward,forward
dug,dug
see,see
menu,menu
mill,mill
hold,hold
cakes,cakes
in,in
yes,yes
yes,yes
cheer,cheer
the fish swam across the pond,the fish swam across the pond
trespassers can be prosecuted and fined,trespassers can be prosecuted and fined
ship,ship
air,air
he played basketball there while working toward a law degree,he played basketball there while working toward a law degree
shoot,shoot
in fact our whole defensive unit did a good job,in fact our whole defensive unit did a good job
toe,toe
old,old
old,old
sight,sight
rake,rake
rake,rake
much,much
no,no
gill,gill
life is short and precious,life is short and precious
coat,coat
etiquette mandates compliance with existing regulations,etiquette mandates compliance with existing regulations
foe,foe
shot,shot
gas,gas
suddenly my reflexes are gone,suddenly my reflexes are gone
shred,shred
bread,bread
three,three
critical equipment needs proper maintenance,critical equipment needs proper maintenance
sheet,sheet
reap,reap
write,write
show,show
catch,catch
fork,fork
biblical scholars argue history,biblical scholars argue history
the results were very disappointing,the results were very disappointing
the results were very disappointing,the results were very disappointing
meats,meats
snake,snake
short,short
geese,geese
port,port
snort,snort
chop,chop
that's what life is really all about,that's what life is really all about
she doesn't like to have it hanging around,she doesn't like to have it hanging around
cake,cake
who knows what you'll discover about yourself,who knows what you'll discover about yourself
bill,bill
rip,rip
lend,lend
the four brothers looked identical,the four brothers looked identical
shop,shop
help celebrate your brother's success,help celebrate your brother's success
cork,cork
cork,cork
he asked you for a loan,he asked you for a loan
threat,threat
four,four
lip,lip
stretch,stretch
dead,dead
cash,cash
only the most accomplished artists obtain popularity,only the most accomplished artists obtain popularity
the little girls cut lacy valentines,the little girls cut lacy valentines
some prefer the traditional steel kind,some prefer the traditional steel kind
rise,rise
we selected places where families will be welcome,we selected places where families will be welcome
steak,steak
there is definitely some ligament damage in his knee,there is definitely some ligament damage in his knee
don't do charlie's dirty dishes,don't do charlie's dirty dishes
sin,sin
read,read
red,red
select,select
lee,lee
shed,shed
pork,pork
i loved every minute of it,i loved every minute of it
we have a big house,we have a big house
six,six
member,member
knife,knife
four,four
zero,zero
forks,forks
sender,sender
a fire in straw makes a quick blaze,a fire in straw makes a quick blaze
timber,timber
five,five
she suggested we all have dinner together,she suggested we all have dinner together
eight,eight
feet,feet
beef,beef
geese,geese
those people are much quicker than i am,those people are much quicker than i am
seven,seven
they will take a wedding trip together,they will take a wedding trip together
they will take a wedding trip later,they will take a wedding trip later
her classical performance gained critical acclaim,her classical performance gained critical acclaim
catastrophic economic cutbacks neglect the poor,catastrophic economic cutbacks neglect the poor
reap,reap
it,it
five,five
her dark hair is combed casually,her dark hair is combed casually
that pickpocket was caught red handed,that pickpocket was caught red-handed
gold can be found anywhere,gold can be found anywhere
meat,meat
three,three
it was very popular with our fans,it was very popular with our fans
renter,renter
mom strongly dislikes appetizers,mom strongly dislikes appetizers
so if anybody solicits by phone make sure you mail the dough to the above,so if anybody solicits by phone make sure you mail the dough to the above
grandmother outgrew her upbringing in petticoats,grandmother outgrew her upbringing in petticoats
the golfing fathers ruled in his favor,the golfing fathers ruled in his favor
one,one
coat,coat
night after night they received annoying phone calls,night after night they received annoying phone calls
league,league
vat,vat
leak,leak
there is a treehouse up above,there is a treehouse up above
november,november
pitting,pitting
mush,mush
this is not a program of socialized medicine,this is not a program of socialized medicine
both injuries were to the same leg,both injuries were to the same leg
five,five
seed,seed
bloat,bloat
this is a period of transition for me,this is a period of transition for me
this is a period of transition for me,this is a period of transition for me
fat,fat
i expect we'll bounce back this week,i expect we'll bounce back this week
pit,pit
left,left
most young rise early every morning,most young rise early every morning
bed,bed
nut,nut
the owners regularly look for plumbing leaks,the owners regularly look for plumbing leaks
the wait for work can be very long,the wait for work can be very long
zulu,zulu
yes,yes
sink,sink
quicker,quicker
this is a good place though small,this is a good place though small
travel is about the only leisure we have,travel is about the only leisure we have
shell,shell
i'm willing to experiment for the first time,i'm willing to experiment for the first time
hand,hand
a,a
ticker,ticker
being able to dance can help too,being able to dance can help too
neat,neat
we have an excellent team,we have an excellent team
tin,tin
sand,sand
nod,nod
ham,ham
it's fun to roast marshmallows on a gas burner,it's fun to roast marshmallows on a gas burner
you can ride stagecoach,you can ride stagecoach
rest,rest
help greg to pick a peck of potatoes,help greg to pick a peck of potatoes
shoot,shoot
ship,ship
down,down
only lawyers love millionaires,only lawyers love millionaires
get a calico cat to keep,get a calico cat to keep
beg that guard for one gallon of gas,beg that guard for one gallon of gas
meat,meat
red,red
two,two
four,four
dead,dead
wit,wit
he really crucified him he nailed it for a yard loss,he really crucified him he nailed it for a yard loss
he really crucified him he nailed it for a yard loss,he really crucified him he nailed it for a yard loss
please open the window quickly,please open the window quickly
he took me out one day,he took me out one day
no,no
witch,witch
one,one
in,in
you want him to do well,you want him to do well
x ray,x-ray
although always alone we survive,although always alone we survive
the pair of shoes was new,the pair of shoes was new
fork,fork
lock,lock
sheet,sheet
sin,sin
sit,sit
then we'd really have someplace to go,then we'd really have someplace to go
ned,ned
litter,litter
people who value themselves are life's winners,people who value themselves are life's winners
bread,bread
sin,sin
romeo,romeo
said,said
white capped waves covered the entire bay,white-capped waves covered the entire bay
sicker,sicker
those musicians harmonize marvelously,those musicians harmonize marvelously
flicker,flicker
write,right
sell,sell
liquor,liquor
we bought a brown chair,we bought a brown chair
hand,hand
and,and
did dad do academic bidding,did dad do academic bidding
i've kept it with me ever since,i've kept it with me ever since
stimulating discussions keep students' attention,stimulating discussions keep students' attention
muck,muck
i scream to warm up my voice,i scream to warm up my voice
said,said
rid,rid
do they make any money,do they make any money
night,night
bill,bill
ray,ray
tug,tug
blend,blend
heat,heat
beat,beat
lake,lake
leak,leak
sew,sew
thread,thread
a quick touchdown resulted,a quick touchdown resulted
i think i'm full of this stuff,i think i'm full of this stuff
sew,sew
coconut cream pie makes a nice dessert,coconut cream pie makes a nice dessert
sport,sport
eat,eat
bend,bend
quart,quart
ride,ride
tort,tort
sort,sort
shin,shin
bill,bill
bill,bill
eat,eat
rake,rake
dill,dill
young people participate in athletic activities,young people participate in athletic activities
geese,geese
sketch,sketch
fort,fort
sheep,sheep
sew,sew
weep,weep
wise,wise
i called two different painters,i called two different painters
boot,boot
meat,meat
barb's gold bracelet was a graduation present,barb's gold bracelet was a graduation present
he,he
blend,blend
forward,forward
dug,dug
see,see
menu,menu
mill,mill
hold,hold
cakes,cakes
in,in
yes,yes
yes,yes
cheer,cheer
the fish swam across the pond,the fish swam across the pond
trespassers can be prosecuted and fined,trespassers can be prosecuted and fined
ship,ship
air,air
he played basketball there while working toward a law degree,he played basketball there while working toward a law degree
shoot,shoot
in fact our whole defensive unit did a good job,in fact our whole defensive unit did a good job
teyilltakeoeng,toe
old,old
old,old
sight,sight
rake,rake
rake,rake
much,much
no,no
gill,gill
life is short and precious,life is short and precious
coat,coat
etiquette mandates compliance with existing regulations,etiquette mandates compliance with existing regulations
foe,foe
shot,shot
gas,gas
suddenly my reflexes are gone,suddenly my reflexes are gone
shred,shred
bread,bread
three,three
critical equipment needs proper maintenance,critical equipment needs proper maintenance
sheet,sheet
reap,reap
write,write
show,show
catch,catch
fork,fork
biblical scholars argue history,biblical scholars argue history
the results were very disappointing,the results were very disappointing
the results were very disappointing,the results were very disappointing
meats,meats
snake,snake
short,short
geese,geese
port,port
snort,snort
chop,chop
that's what life is really all about,that's what life is really all about
she doesn't like to have it hanging around,she doesn't like to have it hanging around
cake,cake
who knows what you'll discover about yourself,who knows what you'll discover about yourself
bill,bill
rip,rip
lend,lend
the four brothers looked identical,the four brothers looked identical
shop,shop
help celebrate your brother's success,help celebrate your brother's success
cork,cork
cork,cork
he asked you for a loan,he asked you for a loan
threat,threat
four,four
lip,lip
stretch,stretch
dead,dead
cash,cash
only the most accomplished artists obtain popularity,only the most accomplished artists obtain popularity
the little girls cut lacy valentines,the little girls cut lacy valentines
some prefer the traditional steel kind,some prefer the traditional steel kind
rise,rise
we selected places where families will be welcome,we selected places where families will be welcome
steak,steak
there is definitely some ligament damage in his knee,there is definitely some ligament damage in his knee
don't do charlie's dirty dishes,don't do charlie's dirty dishes
sin,sin
read,read
red,red
select,select
lee,lee
shed,shed
pork,pork
i loved every minute of it,i loved every minute of it
we have a big house,we have a big house
six,six
member,member
knife,knife
four,four
zero,zero
forks,forks
sender,sender
a fire in straw makes a quick blaze,a fire in straw makes a quick blaze
timber,timber
five,five
she suggested we all have dinner together,she suggested we all have dinner together
eight,eight
feet,feet
beef,beef
geese,geese
those people are much quicker than i am,those people are much quicker than i am
seven,seven
they will take a wedding trip together,they will take a wedding trip together
they will take oedding trip lter,they will take a wedding trip later
her classical performance gained critical acclaim,her classical performance gained critical acclaim
catastrophic economic cutbacks neglect the poor,catastrophic economic cutbacks neglect the poor
reap,reap
it,it
five,five
her dark hair is combed casually,her dark hair is combed casually
that pickpocket was caught red handed,that pickpocket was caught red-handed
gold can be found anywhere,gold can be found anywhere
meat,meat
three,three
it was very popular with our fans,it was very popular with our fans
renter,renter
mom strongly dislikes appetizers,mom strongly dislikes appetizers
so if anybody solicits by phone make sure you mail the dough to the above,so if anybody solicits by phone make sure you mail the dough to the above
grandmother outgrew her upbringing in petticoats,grandmother outgrew her upbringing in petticoats
the golfing fathers ruled in his favor,the golfing fathers ruled in his favor
one,one
coat,coat
tea,tea
fork,fork
worse luck was still to come,worse luck was still to come
addition and subtraction are learned skills,addition and subtraction are learned skills
code,code
yet he remains the fiercest of competitors,yet he remains the fiercest of competitors
she,she
cheer,cheer
zero,zero
sea,sea
sea,sea
bumper,bumper
bender,bender
basketball can be an entertaining sport,basketball can be an entertaining sport
pete,pete
i haven't seen that friend for years,i haven't seen that friend for years
sea,see
her position covers a number of daily tasks common to any social director,her position covers a number of daily tasks common to any social director
her position covers a number of daily tasks common to any social director,her position covers a number of daily tasks common to any social director
the sun died at night,the sun died at night
six,six
i was pleased with the way things went,i was pleased with the way things went
at twilight on the twelfth day we'll have chablis,at twilight on the twelfth day we'll have chablis
neat,neat
meat,meat
sticks,sticks
center,center
mock,mock
me,me
tender,tender
leap,leap
ash,ash
temper,temper
i tell you it was wonderful,i tell you it was wonderful
gash,gash
i don't think it's a good idea,i don't think it's a good idea
woe,woe
reef,reef
beep,beep
fit,fit
beat,beat
beat,beat
seat,seat
i also can be quite vocal,i also can be quite vocal
six,six
reap,reap
we just didn't look good,we just didn't look good
elderly people are often excluded,elderly people are often excluded
eight,eight
beast,beast
ache,ache
sheer,sheer
nine,nine
the marriage went well from the start,the marriage went well from the start
feed,feed
seven,seven
guess,guess
two,to
beam,beam
two,two
lender,lender
hash,hash
nine,nine
cash,cash
ember,ember
ambidextrous pickpockets accomplish more,ambidextrous pickpockets accomplish more
it requires no big investment,it requires no big investment
ape,ape
hail,hail
dock,dock
tail,tail
fender,fender
food,food
sticks,sticks
rise,rise
rise,rise
the job also covers a number of other items,the job also covers a number of other items
the legislature met to judge the state of public education,the legislature met to judge the state of public education
the legislature met to judge the state of public education,the legislature met to judge the state of public education
lip,lip
arm,arm
fell,fell
bun,bun
rakes,rakes
i wanted to be an actress,i wanted to be an actress
cheese,cheese
begin by trying to speak up more,begin by trying to speak up more
begin by trying to speak up more,begin by trying to speak up more
take,take
we shelled clams for the chowder,we shelled clams for the chowder
rake,rake
we all sat down and relaxed,we all sat down and relaxed
ticks,ticks
knock,knock
hall,hall
there was no confirmation of such massive assaults from independent sources,there was no confirmation of such massive assaults from independent sources
air,air
seed,seed
wax,wax
leak,leak
this he added brought about petty jealousies and petty personal grievances,this he added brought about petty jealousies and petty personal grievances
chop,chop
range was a vital detail,range was a vital detail
the lack of heat compounded the tenant's grievances,the lack of heat compounded the tenant's grievances
fat,fat
the singer's finger had a splinter,the singer's finger had a splinter
ache,ache
try to work things out,try to work things out
lax,lax
heat,heat
aches,aches
ate,ate
seat,seat
bunch,bunch
bunch,bunch
feet,feet
dug,dug
sake,sake
chap,chap
row,row
ache,ache
we talked about the situation,we talked about the situation
look for pockets of black sand,look for pockets of black sand
look for pockets of black sand,look for pockets of black sand
ease,ease
tall,tall
he'll sell them by the box,he'll sell them by the box
bunch,bunch
pill,pill
racks,racks
wax,wax
he has played very well,he has played very well
pet,pet
pet,pet
pet,pet
hatch,hatch
hatch,hatch
ail,ail
sea,see
leap,leap
hash,hash
now i'm living exactly as i chose,now i'm living exactly as i chose
now i'm living exactly as i choose,now i'm living exactly as i choose
pat,pat
cat,cat
blend,blend
the prowler wore a ski mask for disguise,the prowler wore a ski mask for disguise
pat,pat
mile,mile
ease,ease
dock,dock
pit,pit
peas,peas
harm,harm
fat,fat
sell,sell
have no fear if you come alone,have no fear if you come alone
fill,fill
i had no desire to change my ways,i had no desire to change my ways
be prepared for odd behavior from friends,be prepared for odd behavior from friends
is,is
cash,cash
we are the largest of the four states,we are the largest of the four states
we are the largest of the four states,we are the largest of the four states
we know we can score,we know we can score
we know we can score,we know we can score
we know we can score,we know we can score
ate,ate
lip,lip
charm,charm
leaks,leaks
steak,steak
ease,ease
full,full
is,is
pit,pit
the structures housing the apartments are of masonry and frame construction,the structures housing the apartments are of masonry and frame construction
fill,fill
duck,duck
tile,tile
any contributions will be greatly appreciated,any contributions will be greatly appreciated
lies,lies
even a simple vocabulary contains symbols,even a simple vocabulary contains symbols
the eastern coast is a place for pure pleasure and excitement,the eastern coast is a place for pure pleasure and excitement
the plot is laced with mysterious incidents,the plot is laced with mysterious incidents
i didn't know where they were coming from,i didn't know where they were coming from
sheet,sheet
hail,hail
tile,tile
had,had
punch,punch
reap,reap
aid,aid
at,at
munch,munch
chocolate and roses never fail as a romantic gift,chocolate and roses never fail as a romantic gift
add,add
low,low
steak,steak
add,add
lit,lit
hat,hat
are,are
harm,harm
hat,hat
feet,feet
it was a great meeting,it was a great meeting
rip,rip
end,end
we experience distress and frustration obtaining our degrees,we experience distress and frustration obtaining our degrees
academic aptitude guarantees your diploma,academic aptitude guarantees your diploma
blow,blow
we're all disappointed with our start,we're all disappointed with our start
continental drift is a geological theory,continental drift is a geological theory
feed,feed
sail,sail
cold,cold
wives,wives
the family requests that flowers be omitted,the family requests that flowers be omitted
ache,ache
leak,leak
wide,wide
pat,pat
the snow blew into large drifts,the snow blew into large drifts
tail,tail
farm,farm
corn,corn
docks,docks
handle it any way you have to,handle it any way you have to
handle it any way you have to,handle it any way you have to
wax,wax
hall,hall
sink,sink
heat,heat
he noted the fact carefully,he noted the fact carefully
horn,horn
waste,waste
weep,weep
pad,pad
sink,sink
challenge each general's intelligence,challenge each general's intelligence
cake,cake
tip,tip
ink,ink
eat your raisins outdoors on the porch steps,eat your raisins outdoors on the porch steps
torn,torn
eyes,eyes
pad,pad
hall,hall
wise,wise
form,form
dock,dock
hand,hand
did you eat yet,did you eat yet
why,why
win,win
it was time to go up myself,it was time to go up myself
tall,tall
term,term
whip,whip
hash,hash
was,was
hail,hail
regular attendance is seldom required,regular attendance is seldom required
the store serves meals every day,the store serves meals every day
short,short
hall,hall
hate,hate
there is such a program,there is such a program
had,had
both cars were slightly damaged,both cars were slightly damaged
rise,rise
owe,owe
we knew we weren't doing well,we knew we weren't doing well
row,row
hail,hail
upgrade your status to reflect your wealth,upgrade your status to reflect your wealth
harm,harm
hold,hold
they'll never fit me again,they'll never fit me again
dash,dash
hat,hat
a few may be hard to find,a few may be hard to find
fold,fold
that,that
seed,seed
pant,pant
had,had
it was a huge part of my life,it was a huge part of my life
tort,tort
burn,burn
the staff deserves a lot of credit working down here under real obstacles,the staff deserves a lot of credit working down here under real obstacles
she will order the wine,she will order the wine
hid,hid
born,born
the new highway is straight and empty,the new highway is straight and empty
low,low
luke,luke
cable confirmation it said translated,cable confirmation it said translated
wack,wack
weave,weave
last year's gas shortage caused steep price increases,last year's gas shortage caused steep price increases
we've done it in the past,we've done it in the past
fork,fork
blow,blow
when you are through write a clean report,when you are through write a clean report
they received all the things they needed,they received all the things they needed
hold,hold
all,all
ball,ball
ship,ship
wart,wart
bed,bed
he took heart and played,he took heart and played
sort,sort
spring street is straight ahead,spring street is straight ahead
cork,cork
pink,pink
porcupines resemble sea urchins,porcupines resemble sea urchins
wipe,wipe
he can't abide mistakes in his own game,he can't abide mistakes in his own game
you have to expect a few bad calls,you have to expect a few bad calls
with,with
wine,wine
we got drenched from the uninterrupted rain,we got drenched from the uninterrupted rain
ladle,ladle
map,map
ban,ban
reach,reach
big,big
feel,feel
seat,seat
bagpipes and bongos are musical instruments,bagpipes and bongos are musical instruments
bash,bash
hall,hall
gable,gable
boat,boat
street,street
fold,fold
bank,bank
preach,preach
pace,pace
fell,fell
spray,spray
young and old also got together,young and old also got together
she makes other trips for pleasure,she makes other trips for pleasure
pain,pain
phone,phone
mat,mat
we got married right here,we got married right here
peach,peach
i soon found myself muttering to the walls,i soon found myself muttering to the walls
fall,fall
teach,teach
page,page
able,able
bull,bull
we must be ready for any needed sacrifice,we must be ready for any needed sacrifice
final,final
tall,tall
fable,fable
fool,fool
ball,ball
screech,screech
crawl,crawl
they make gin saws and deal in parts supplies and some used gin machinery,they make gin saws and deal in parts supplies and some used gin machinery
i like them because they are practical,i like them because they are practical
fall,fall
can you paint a room or a portrait,can you paint a room or a portrait
funnel,funnel
sprain,sprain
full,full
sat,sat
each,each
sold,sold
panel,panel
it looked like an accordion,it looked like an accordion
table,table
old telephone booths aren't easy to find,old telephone booths aren't easy to find
only two seemed really appealing to me,only two seemed really appealing to me
ramp,ramp
wall,wall
it fell out of his pocket,it fell out of his pocket
we just sat there giggling,we just sat there giggling
mall,mall
pull,pull
hiring the wife for one's company may win her tax aided retirement income,hiring the wife for one's company may win her tax-aided retirement income
beat,beat
shawl,shawl
boot,boot
fill that canteen with fresh spring water,fill that canteen with fresh spring water
soul,soul
rattle,rattle
it's impossible to deal with bureaucracy,it's impossible to deal with bureaucracy
all,all
she was not seriously injured,she was not seriously injured
it,it
i saw him a few weeks later,i saw him a few weeks later
so he hides the mayonnaise,so he hides the mayonnaise
space,space
paint,paint
pole,pole
cliff's display was misplaced on the screen,cliff's display was misplaced on the screen
tea,tea
fork,fork
worse luck was still to come,worse luck was still to come
addition and subtraction are learned skills,addition and subtraction are learned skills
code,code
yet he remains the fiercest of competitors,yet he remains the fiercest of competitors
she,she
cheer,cheer
zero,zero
sea,sea
sea,sea
bumper,bumper
bender,bender
basketball can be an entertaining sport,basketball can be an entertaining sport
pete,pete
i haven't seen that friend for years,i haven't seen that friend for years
see,see
her position covers a number of daily tasks common to any social director,her position covers a number of daily tasks common to any social director
her position covers a number of daily tasks common to any social director,her position covers a number of daily tasks common to any social director
the sun died at night,the sun died at night
six,six
i was pleased with the way things went,i was pleased with the way things went
at twilight on the twelfth day we'll have chablis,at twilight on the twelfth day we'll have chablis
neat,neat
meat,meat
sticks,sticks
center,center
mock,mock
me,me
tender,tender
leap,leap
ash,ash
temper,temper
i tell you it was wonderful,i tell you it was wonderful
gash,gash
i don't think it's a good idea,i don't think it's a good idea
woe,woe
reef,reef
beep,beep
fit,fit
beat,beat
beat,beat
seat,seat
i also can be quite vocal,i also can be quite vocal
six,six
reap,reap
we just didn't look good,we just didn't look good
elderly people are often excluded,elderly people are often excluded
eight,eight
beast,beast
ache,ache
sheer,sheer
nine,nine
the marriage went well from the start,the marriage went well from the start
feed,feed
seven,seven
guess,guess
to,to
beam,beam
two,two
lender,lender
hash,hash
nine,nine
cash,cash
ember,ember
ambidextrous pickpockets accomplish more,ambidextrous pickpockets accomplish more
it requires no big investment,it requires no big investment
ape,ape
hail,hail
dock,dock
tail,tail
fender,fender
food,food
sticks,sticks
rise,rise
rise,rise
the job also covers a number of other items,the job also covers a number of other items
the legislature met to judge the state of public education,the legislature met to judge the state of public education
the legislature met to judge the state of public education,the legislature met to judge the state of public education
lip,lip
arm,arm
fell,fell
bun,bun
rakes,rakes
i wanted to be an actress,i wanted to be an actress
cheese,cheese
begin by trying to speak up more,begin by trying to speak up more
begin by trying to speak up more,begin by trying to speak up more
take,take
we shelled clams for the chowder,we shelled clams for the chowder
rake,rake
we all sat down and relaxed,we all sat down and relaxed
ticks,ticks
knock,knock
hall,hall
there was no confirmation of such massive assaults from independent sources,there was no confirmation of such massive assaults from independent sources
air,air
seed,seed
wax,wax
leak,leak
this he added brought about petty jealousies and petty personal grievances,this he added brought about petty jealousies and petty personal grievances
chop,chop
range was a vital detail,range was a vital detail
the lack of heat compounded the tenant's grievances,the lack of heat compounded the tenant's grievances
fat,fat
the singer's finger had a splinter,the singer's finger had a splinter
ache,ache
try to work things out,try to work things out
lax,lax
heat,heat
aches,aches
ate,ate
seat,seat
bunch,bunch
bunch,bunch
feet,feet
dug,dug
sake,sake
chap,chap
row,row
ache,ache
we talked about the situation,we talked about the situation
look for pockets of black sand,look for pockets of black sand
look for pockets of black sand,look for pockets of black sand
ease,ease
tall,tall
he'll sell them by the box,he'll sell them by the box
bunch,bunch
pill,pill
racks,racks
wax,wax
he has played very well,he has played very well
pet,pet
pet,pet
pet,pet
hatch,hatch
hatch,hatch
ail,ail
see,see
leap,leap
hash,hash
now i'm living exactly as i chose,now i'm living exactly as i chose
now i'm living exactly as i choose,now i'm living exactly as i choose
pat,pat
cat,cat
blend,blend
the prowler wore a ski mask for disguise,the prowler wore a ski mask for disguise
pat,pat
mile,mile
ease,ease
dock,dock
pit,pit
peas,peas
harm,harm
fat,fat
sell,sell
have no fear if you come alone,have no fear if you come alone
fill,fill
i had no desire to change my ways,i had no desire to change my ways
be prepared for odd behavior from friends,be prepared for odd behavior from friends
is,is
cash,cash
we are the largest of the four states,we are the largest of the four states
we are the largest of the four states,we are the largest of the four states
we know we can score,we know we can score
we know we can score,we know we can score
we know we can score,we know we can score
ate,ate
lip,lip
charm,charm
leaks,leaks
steak,steak
ease,ease
full,full
is,is
pit,pit
the structures housing the apartments are of masonry and frame construction,the structures housing the apartments are of masonry and frame construction
fill,fill
duck,duck
tile,tile
any contributions will be greatly appreciated,any contributions will be greatly appreciated
lies,lies
even a simple vocabulary contains symbols,even a simple vocabulary contains symbols
the eastern coast is a place for pure pleasure and excitement,the eastern coast is a place for pure pleasure and excitement
the plot is laced with mysterious incidents,the plot is laced with mysterious incidents
i didn't know where they were coming from,i didn't know where they were coming from
sheet,sheet
hail,hail
tile,tile
had,had
punch,punch
reap,reap
aid,aid
at,at
munch,munch
chocolate and roses never fail as a romantic gift,chocolate and roses never fail as a romantic gift
add,add
low,low
steak,steak
add,add
lit,lit
hat,hat
are,are
harm,harm
hat,hat
feet,feet
it was a great meeting,it was a great meeting
rip,rip
end,end
we experience distress and frustration obtaining our degrees,we experience distress and frustration obtaining our degrees
academic aptitude guarantees your diploma,academic aptitude guarantees your diploma
blow,blow
we're all disappointed with our start,we're all disappointed with our start
continental drift is a geological theory,continental drift is a geological theory
feed,feed
sail,sail
cold,cold
wives,wives
the family requests that flowers be omitted,the family requests that flowers be omitted
ache,ache
leak,leak
wide,wide
pat,pat
the snow blew into large drifts,the snow blew into large drifts
tail,tail
farm,farm
corn,corn
docks,docks
handle it any way you have to,handle it any way you have to
handle it any way you have to,handle it any way you have to
wax,wax
hall,hall
sink,sink
heat,heat
he noted the fact carefully,he noted the fact carefully
horn,horn
waste,waste
weep,weep
pad,pad
sink,sink
challenge each general's intelligence,challenge each general's intelligence
cake,cake
tip,tip
ink,ink
eat your raisins outdoors on the porch steps,eat your raisins outdoors on the porch steps
torn,torn
eyes,eyes
pad,pad
hall,hall
wise,wise
form,form
dock,dock
hand,hand
did you eat yet,did you eat yet
why,why
win,win
it was time to go up myself,it was time to go up myself
tall,tall
term,term
whip,whip
hash,hash
was,was
hail,hail
regular attendance is seldom required,regular attendance is seldom required
the store serves meals every day,the store serves meals every day
short,short
hall,hall
hate,hate
there is such a program,there is such a program
had,had
both cars were slightly damaged,both cars were slightly damaged
rise,rise
owe,owe
we knew we weren't doing well,we knew we weren't doing well
row,row
hail,hail
upgrade your status to reflect your wealth,upgrade your status to reflect your wealth
harm,harm
hold,hold
theyll never fit me again,they'll never fit me again
dash,dash
hat,hat
a few may be hard to find,a few may be hard to find
fold,fold
that,that
seed,seed
pant,pant
had,had
it was a huge part of my life,it was a huge part of my life
tort,tort
burn,burn
the staff deserves a lot of credit working down here under real obstacles,the staff deserves a lot of credit working down here under real obstacles
she will order the wine,she will order the wine
hid,hid
born,born
the new highway is straight and empty,the new highway is straight and empty
low,low
luke,luke
cable confirmation it said translated,cable confirmation it said translated
wack,wack
weave,weave
last year's gas shortage caused steep price increases,last year's gas shortage caused steep price increases
we've done it in the past,we've done it in the past
fork,fork
blow,blow
when you are through write a clean report,when you are through write a clean report
they received all the things they needed,they received all the things they needed
hold,hold
all,all
ball,ball
ship,ship
wart,wart
bed,bed
he took heart and played,he took heart and played
sort,sort
spring street is straight ahead,spring street is straight ahead
cork,cork
pink,pink
porcupines resemble sea urchins,porcupines resemble sea urchins
wipe,wipe
he can't abide mistakes in his own game,he can't abide mistakes in his own game
you have to expect a few bad calls,you have to expect a few bad calls
with,with
wine,wine
we got drenched from the uninterrupted rain,we got drenched from the uninterrupted rain
ladle,ladle
map,map
ban,ban
reach,reach
big,big
feel,feel
seat,seat
bagpipes and bongos are musical instruments,bagpipes and bongos are musical instruments
bash,bash
hall,hall
gable,gable
boat,boat
street,street
fold,fold
bank,bank
preach,preach
pace,pace
fell,fell
spray,spray
young and old also got together,young and old also got together
she makes other trips for pleasure,she makes other trips for pleasure
pain,pain
phone,phone
mat,mat
we got married right here,we got married right here
peach,peach
i soon found myself muttering to the walls,i soon found myself muttering to the walls
fall,fall
teach,teach
page,page
able,able
bull,bull
we must be ready for any needed sacrifice,we must be ready for any needed sacrifice
final,final
tall,tall
fable,fable
fool,fool
ball,ball
screech,screech
crawl,crawl
they make gin saws and deal in parts supplies and some used gin machinery,they make gin saws and deal in parts supplies and some used gin machinery
i like them because they are practical,i like them because they are practical
fall,fall
can you paint a room or a portrait,can you paint a room or a portrait
funnel,funnel
sprain,sprain
full,full
sat,sat
each,each
sold,sold
panel,panel
it looked like an accordion,it looked like an accordion
table,table
old telephone booths aren't easy to find,old telephone booths aren't easy to find
only two seemed really appealing to me,only two seemed really appealing to me
ramp,ramp
wall,wall
it fell out of his pocket,it fell out of his pocket
we just sat there giggling,we just sat there giggling
mall,mall
pull,pull
hiring the wife for one's company may win her tax aided retirement income,hiring the wife for one's company may win her tax-aided retirement income
beat,beat
shawl,shawl
boot,boot
fill that canteen with fresh spring water,fill that canteen with fresh spring water
soul,soul
rattle,rattle
it's impossible to deal with bureaucracy,it's impossible to deal with bureaucracy
all,all
she was not seriously injured,she was not seriously injured
it,it
i saw him a few weeks later,i saw him a few weeks later
so he hides the mayonnaise,so he hides the mayonnaise
space,space
paint,paint
pole,pole
cliff's display was misplaced on the screen,cliff's display was misplaced on the screen
sheet,sheet
dug,dug
sticks,sticks
grow,grow
glow,glow
but he always answers banana oil,but he always answers banana oil
feet,feet
left,left
the quick brown fox jumps over the lazy dog,the quick brown fox jumps over the lazy dog
no,no
storm,storm
meat,meat
rake,rake
one,one
horn,horn
he dresses himself in an ancient black frock coat,he dresses himself in an ancient black frock coat
feet,feet
grandfather likes to be modern in his language,grandfather likes to be modern in his language
swarm,swarm
born,born
down,down
yes,yes
usually minus several buttons,usually minus several buttons
corn,corn
farm,farm
pat,pat
train,train
feed,feed
swarm,swarm
rage,rage
tip,tip
four,for
torn,torn
ship,ship
we have often urged him to walk more and smoke less,we have often urged him to walk more and smoke less
beat,beat
form,form
right,right
air,air
beat,beat
feed,feed
rain,rain
two,two
air,air
storm,storm
store,store
white,white
lip,lip
cheer,cheer
just one side got wet,just one side got wet
slay,slay
peer,peer
four,four
urgent,urgent
,three
group,group
we gathered shells on the beach,we gathered shells on the beach
i just try to do my best,i just try to do my best
play,play
whoop,whoop
much,much
forward,forward
area,area
menu,menu
both figures would go higher in later years,both figures would go higher in later years
witch,witch
ate,ate
select,select
write,write
sleep,sleep
boot,boot
he will allow a rare lie,he will allow a rare lie
all the big baseball players get traded,all the big baseball players get traded
rocks,rocks
deer,deer
mere,mere
write,write
thigh,thigh
hear,hear
galore,galore
wish,wish
pad,pad
pad,pad
coupe,coupe
ate,ate
hate,hate
troop,troop
delta,delta
pat,pat
their house is grey and white,their house is grey and white
pot,pot
shoot,shoot
i scrubbed the floors thoroughly,i scrubbed the floors thoroughly
steer,steer
nothing is as offensive as innocence,nothing is as offensive as innocence
nothing is offensive as innocense,nothing is offensive as innocense
yes,yes
mother sews yellow gingham aprons,mother sews yellow gingham aprons
mother sews yellow gingham aprons,mother sews yellow gingham aprons
air,air
she is thinner than i am,she is thinner than i am
no,no
tile,tile
my sister made the flowered curtains,my sister made the flowered curtains
shy,shy
shy,shy
pit,pit
it was a good win for us,it was a good win for us
fat,fat
eight,eight
the books are very expensive,the books are very expensive
leak,leak
a roll of wire lay near the wall,a roll of wire lay near the wall
seed,seed
top,top
seven,seven
alfalfa is healthy for you,alfalfa is healthy for you
this is a period of transition for me,this is a period of transition for me
take,take
zero,zero
at,at
i expect we'll bounce back this week,i expect we'll bounce back this week
nine,nine
it eventually became a rather proud claim,it eventually became a rather proud claim
it eventually became a rather proud claim,it eventually became a rather proud claim
night after night they received annoying phone calls,night after night they received annoying phone calls
six,six
bloat,bloat
hat,hat
and,and
leak,leak
league,league
cake,cake
there is a treehouse up above,there is a treehouse up above
no,no
lima,lima
it also provides for funds to clear slums and help colleges s build dormitories,it also provides for funds to clear slums and help colleges build dormitories
it also provides for funds to clear slums and help colleges build dormitories,it also provides for funds to clear slums and help colleges build dormitories
november,november
blow,blow
fill,fill
witch,witch
pitting,pitting
at,at
five,five
five,five
spain,spain
chop,chop
when all else fails use force,when all else fails use force
yes,yes
oscar,oscar
oscar,oscar
fat,fat
sell,sell
mush,mush
vat,vat
nothing has been done yet to take advantage of the enabling legislation,nothing has been done yet to take advantage of the enabling legislation
both injuries were to the same leg,both injuries were to the same leg
leak,leak
much,much
darn,darn
pit,pit
aluminum silverware can often be flimsy,aluminum silverware can often be flimsy
he wrapped the package hastily,he wrapped the package hastily
the job provides many benefits,the job provides many benefits
this is not a program of socialized medicine,this is not a program of socialized medicine
sheet,sheet
dug,dug
sticks,sticks
grow,grow
glow,glow
but he always answers banana oil,but he always answers banana oil
feet,feet
left,left
the quick brown fox jumps over the lazy dog,the quick brown fox jumps over the lazy dog
no,no
storm,storm
meat,meat
rake,rake
one,one
horn,horn
he dresses himself in an ancient black frock coat,he dresses himself in an ancient black frock coat
feet,feet
grandfather likes to be modern in his language,grandfather likes to be modern in his language
swarm,swarm
born,born
down,down
yes,yes
usually minus several buttons,usually minus several buttons
corn,corn
farm,farm
pat,pat
train,train
feed,feed
swarm,swarm
rage,rage
tip,tip
for,for
torn,torn
ship,ship
we have often urged him to walk more and smoke less,we have often urged him to walk more and smoke less
beat,beat
form,form
riht,right
air,air
beat,beat
feed,feed
rain,rain
two,two
air,air
storm,storm
store,store
white,white
lip,lip
cheer,cheer
just one side got wet,just one side got wet
slay,slay
peer,peer
four,four
urgent,urgent
three,three
group,group
we gathered shells on the beach,we gathered shells on the beach
i just try to do my best,i just try to do my best
play,play
whoop,whoop
much,much
forward,forward
area,area
menu,menu
both figures would go higher in later years,both figures would go higher in later years
witch,witch
ate,ate
select,select
write,write
sleep,sleep
boot,boot
he will allow a rare lie,he will allow a rare lie
all the big baseball players get traded,all the big baseball players get traded
rocks,rocks
deer,deer
mere,mere
write,write
thigh,thigh
hear,hear
galore,galore
wish,wish
pad,pad
pad,pad
coupe,coupe
ate,ate
hate,hate
troop,troop
delta,delta
pat,pat
their house is grey and white,their house is grey and white
pot,pot
shoot,shoot
i scrubbed the floors thoroughly,i scrubbed the floors thoroughly
steer,steer
nothing is as offensive as innocense,nothing is as offensive as innocence
nothing is offensive as innocense,nothing is offensive as innocense
yes,yes
mother sews yellow gingham aprons,mother sews yellow gingham aprons
mother sews yellow gingham aprons,mother sews yellow gingham aprons
air,air
she is thinner than i am,she is thinner than i am
no,no
tile,tile
my sister made the flowered curtains,my sister made the flowered curtains
shy,shy
shy,shy
pit,pit
it was a good win for us,it was a good win for us
fat,fat
eight,eight
the books are very expensive,the books are very expensive
leak,leak
a roll of wire lay near the wall,a roll of wire lay near the wall
seed,seed
top,top
seven,seven
alfalfa is healthy for you,alfalfa is healthy for you
this is a period of transition for me,this is a period of transition for me
take,take
zero,zero
at,at
i expect we'll bounce back this week,i expect we'll bounce back this week
nine,nine
it eventually became a rather proud claim,it eventually became a rather proud claim
it eventually became a rather proud claim,it eventually became a rather proud claim
night after night they received annoying phone calls,night after night they received annoying phone calls
six,six
bloat,bloat
hat,hat
and,and
leak,leak
league,league
cake,cake
there is a treehouse up above,there is a treehouse up above
no,no
lima,lima
it also provides for funds to clear slums and help college ges build dormitories,it also provides for funds to clear slums and help colleges build dormitories
it also provides for funds to clear slums and help colleges build dormitories,it also provides for funds to clear slums and help colleges build dormitories
november,november
blow,blow
fill,fill
witch,witch
pitting,pitting
at,at
five,five
five,five
spain,spain
chop,chop
when all else fails use force,when all else fails use force
yes,yes
oscar,oscar
oscar,oscar
fat,fat
sell,sell
mush,mush
vat,vat
nothing has been done yet to take advantage of the enabling legislation,nothing has been done yet to take advantage of the enabling legislation
both injuries were to the same leg,both injuries were to the same leg
leak,leak
much,much
darn,darn
pit,pit
aluminum silverware can often be flimsy,aluminum silverware can often be flimsy
he wrapped the package hastily,he wrapped the package hastily
the job provides many benefits,the job provides many benefits
this is not a program of socialized medicine,this is not a program of socialized medicine
help greg to pick a peck of potatoes,help greg to pick a peck of potatoes
ned,ned
then we'd really have someplace to go,then we'd really have someplace to go
please open the window quickly,please open the window quickly
it's fun to roast marshmallows on a gas burner,it's fun to roast marshmallows on a gas burner
people who value themselves are life's winners,people who value themselves are life's winners
travel is about the only leisure we have,travel is about the only leisure we have
those musicians harmonize marvelously,those musicians harmonize marvelously
fork,fork
zulu,zulu
the pair of shoes was new,the pair of shoes was new
shoot,shoot
neat,neat
the wait for work can be very long,the wait for work can be very long
ham,ham
one,one
wit,wit
hand,hand
nut,nut
shell,shell
tin,tin
we have an excellent team,we have an excellent team
although always alone we survive,although always alone we survive
red,red
left,left
dead,dead
this is a good place though small,this is a good place though small
rest,rest
being able to dance can help too,being able to dance can help too
sell,sell
sicker,sicker
he really crucified him he nailed it for a yard loss,he really crucified him he nailed it for a yard loss
ticker,ticker
you want him to do well,you want him to do well
lock,lock
meat,meat
romeo,romeo
ship,ship
quicker,quicker
two,two
you can ride stagecoach,you can ride stagecoach
and,and
a,a
sheet,sheet
he took me out one day,he took me out one day
liquor,liquor
hand,hand
only lawyers love millionaires,only lawyers love millionaires
sink,sink
white capped waves covered the entire bay,white-capped waves covered the entire bay
white capped waves covered the entire bay,white-capped waves covered the entire bay
down,down
flicker,flicker
beg that guard for one gallon of gas,beg that guard for one gallon of gas
litter,litter
in,in
x ray,x-ray
four,four
we bought a brown chair,we bought a brown chair
bread,bread
said,said
wright,right
no,no
sand,sand
i'm willing to experiment for the first time,i'm willing to experiment for the first time
witch,witch
the owners regularly look for plumbing leaks,the owners regularly look for plumbing leaks
did dad do academic bidding,did dad do academic bidding
nod,nod
sin,sin
get a calico cat to keep,get a calico cat to keep
most young rise early every morning,most young rise early every morning
wise,wise
he asked you for a loan,he asked you for a loan
catch,catch
menu,menu
rip,rip
blend,blend
red,red
write,write
she doesn't like to have it hanging around,she doesn't like to have it hanging around
show,show
i think i'm full of this stuff,i think i'm full of this stuff
stimulating discussions keep students' attention,stimulating discussions keep students' attention
sew,sew
heat,heat
tug,tug
bend,bend
shred,shred
cakes,cakes
yes,yes
some prefer the traditional steel kind,some prefer the traditional steel kind
shin,shin
meats,meats
cake,cake
shop,shop
a quick touchdown resulted,a quick touchdown resulted
help celebrate your brother's success,help celebrate your brother's success
rise,rise
don't do charlie's dirty dishes,don't do charlie's dirty dishes
sin,sin
quart,quart
sketch,sketch
eat,eat
leak,leak
said,said
read,read
pork,pork
shot,shot
etiquettemandates compliance with existing regulations,etiquette mandates compliance with existing regulations
beat,beat
critical equipment needs proper maintenance,critical equipment needs proper maintenance
night,night
who knows what you'll discover about yourself,who knows what you'll discover about yourself
thread,thread
stretch,stretch
coconut cream pie makes a nice dessert,coconut cream pie makes a nice dessert
shed,shed
weep,weep
i scream to warm up my voice,i scream to warm up my voice
the results were very disappointing,the results were very disappointing
life is short and precious,life is short and precious
gas,gas
cash,cash
the fish swam across the pond,the fish swam across the pond
lip,lip
sew,sew
the four brothers looked identical,the four brothers looked identical
sheet,sheet
foe,foe
bill,bill
trespassers can be prosecuted and fined,trespassers can be prosecuted and fined
snort,snort
sight,sight
three,three
bill,bill
sport,sport
lend,lend
select,select
forward,forward
four,four
cheer,cheer
shoot,shoot
he played basketball there while working toward a law degree,he played basketball there while working toward a law degree
rake,rake
rake,rake
sew,sew
in fact our whole defensive unit did a good job,in fact our whole defensive unit did a good job
ray,ray
only the most accomplished artists obtain popularity,only the most accomplished artists obtain popularity
that's what life is really all about,that's what life is really all about
i called two different painters,i called two different painters
in,in
we selected places where families will be welcome,we selected places where families will be welcome
meat,meat
i've kept it with me ever since,i've kept it with me ever since
he,he
sheep,sheep
toe,toe
suddenly my reflexes are gone,suddenly my reflexes are gone
sea,see
muck,muck
short,short
much,much
rid,rid
snake,snake
fork,fork
barb's gold bracelet was a graduation present,barb's gold bracelet was a graduation present
young people participate in athletic activities,young people participate in athletic activities
lake,lake
cork,cork
boot,boot
lee,lee
steak,steak
dead,dead
tort,tort
dill,dill
gill,gill
there is definitely some ligament damage in his knee,there is definitely some ligament damage in his knee
the little girls cut lacy valentines,the little girls cut lacy valentines
biblical scholars argue history,biblical scholars argue history
coat,coat
old,old
hold,hold
do they make any money,do they make any money
fort,fort
ship,ship
threat,threat
reap,reap
blend,blend
air,air
mill,mill
no,no
ride,ride
bread,bread
geese,geese
chop,chop
dug,dug
sort,sort
geese,geese
port,port
heat,eat
bill,bill
row,row
at twilight on the twelfth day we'll have chablis,at twilight on the twelfth day we'll have chablis
zero,zero
hash,hash
a fire in straw makes a quick blaze,a fire in straw makes a quick blaze
tea,tea
it,it
feet,feet
sheer,sheer
six,six
one,one
seat,seat
cash,cash
beam,beam
sea,sea
grandmother outgrew her upbringing in petticoats,grandmother outgrew her upbringing in petticoats
we just didn't look good,we just didn't look good
member,member
six,six
i loved every minute of it,i loved every minute of it
i don't think it's a good idea,i don't think it's a good idea
bumper,bumper
geese,geese
center,center
that pickpocket was caught red handed,that pickpocket was caught red-handed
beep,beep
bender,bender
eight,eight
i haven't seen that friend for years,i haven't seen that friend for years
me,me
ash,ash
the sun died at night,the sun died at night
seven,seven
gash,gash
her classical performance gained critical acclaim,her classical performance gained critical acclaim
so if anybody solicits by phone make sure you mail the dough to the above,so if anybody solicits by phone make sure you mail the dough to the above
temper,temper
two,two
five,five
she suggested we all have dinner together,she suggested we all have dinner together
five,five
her dark hair is combed casually,her dark hair is combed casually
sticks,sticks
fork,fork
pete,pete
forks,forks
beef,beef
beast,beast
leap,leap
bed,bed
sit,sit
help greg to pick a peck of potatoes,help greg to pick a peck of potatoes
ned,ned
then we'd really have someplace to go,then we'd really have someplace to go
please open the window quickly,please open the window quickly
it's fun to roast marshmallows on a gas burner,it's fun to roast marshmallows on a gas burner
people who value themselves are life's winners,people who value themselves are life's winners
travel is about the only leisure we have,travel is about the only leisure we have
those musicians harmonize marvelously,those musicians harmonize marvelously
fork,fork
zulu,zulu
the pair of shoes was new,the pair of shoes was new
shoot,shoot
neat,neat
the wait for work can be very long,the wait for work can be very long
ham,ham
one,one
wit,wit
hand,hand
nut,nut
shell,shell
tin,tin
we have an excellent team,we have an excellent team
although always alone we survive,although always alone we survive
red,red
left,left
dead,dead
this is a good place though small,this is a good place though small
rest,rest
being able to dance can help too,being able to dance can help too
sell,sell
sicker,sicker
he really crucified him he nailed it for a yard loss,he really crucified him he nailed it for a yard loss
ticker,ticker
you want him to do well,you want him to do well
lock,lock
meat,meat
romeo,romeo
ship,ship
quicker,quicker
two,two
you can ride stakes,you can ride stagecoach
and,and
a,a
sheet,sheet
he took me out one day,he took me out one day
liquor,liquor
feet,feet
left,left
rake,rake
feed,feed
swarm,swarm
write,right
rage,rage
sticks,sticks
farm,farm
meat,meat
yes,yes
form,form
grow,grow
to,two
train,train
feet,feet
corn,corn
feed,feed
sheet,sheet
usually minus several buttons,usually minus several buttons
the quick brown fox jumps over the lazy dog,the quick brown fox jumps over the lazy dog
swarm,swarm
air,air
no,no
he dresses himself in an ancient black frock coat,he dresses himself in an ancient black frock coat
beat,beat
four,for
torn,torn
one,one
ship,ship
beat,beat
we have often urged him to walk more and smoke less,we have often urged him to walk more and smoke less
store,store
down,down
pat,pat
born,born
glow,glow
storm,storm
horn,horn
dug,dug
air,air
grandfather likes to be modern in his language,grandfather likes to be modern in his language
storm,storm
tip,tip
rain,rain
but he always answers banana oil,but he always answers banana oil
hate,hate
select,select
witch,witch
hear,hear
no,no
group,group
their house is grey and white,their house is grey and white
both figures would go higher in later years,both figures would go higher in later years
slay,slay
pad,pad
we gathered shells on the beach,we gathered shells on the beach
write,write
write,write
troop,troop
ight,ate
three,three
galore,galore
play,play
wish,wish
air,air
rocks,rocks
pot,pot
white,white
area,area
just one side got wet,just one side got wet
shoot,shoot
sleep,sleep
steer,steer
cheer,cheer
tile,tile
mother sews yellow gingham aprons,mother sews yellow gingham aprons
i just try to do my best,i just try to do my best
he will allow a rare lie,he will allow a rare lie
nothing is as offensive as innocence,nothing is as offensive as innocence
peer,peer
thigh,thigh
all the big baseball players get traded,all the big baseball players get traded
all the big baseball players get traded,all the big baseball players get traded
mere,mere
coupe,coupe
she is thinner than i am,she is thinner than i am
delta,delta
my sister made the flowered curtains,my sister made the flowered curtains
urgent,urgent
four,four
menu,menu
pat,pat
boot,boot
much,much
forward,forward
yes,yes
i scrubbed the floors thoroughly,i scrubbed the floors thoroughly
whoop,whoop
lip,lip
write,write
deer,deer
spain,spain
leak,leak
mush,mush
seven,seven
leak,leak
he wrapped the package hastily,he wrapped the package hastily
pitting,pitting
fat,fat
both injuries were to the e,both injuries were to the same leg
both injuries were to the same leg,both injuries were to the same leg
both injuries were to the same leg,both injuries were to the same leg
no,no
yes,yes
this is a period of transition for me,this is a period of transition for me
fat,fat
eight,eight
darn,darn
when all else fails use force,when all else fails use force
pit,pit
i expect we'll bounce back this week,i expect we'll bounce back this week
vat,vat
a roll of wire y near t,a roll of wire lay near the wall
a roll of wire lay near the wall,a roll of wire lay near the wall
alfalfa is healthy for you,alfalfa is healthy for you
lima,lima
much,much
five,five
it eventually became a rather proud claim,it eventually became a rather proud claim
nine,nine
hat,hat
oscar,oscar
leak,leak
at,at
at,at
nothing has been done yet to take advantage of the enabling legislation,nothing has been done yet to take advantage of the enabling legislation
cake,cake
aluminum silverware can often be flimsy,aluminum silverware can often be flimsy
bloat,bloat
this is not a program of socialized medicine,this is not a program of socialized medicine
fill,fill
witch,witch
seed,seed
take,take
november,november
at,at
six,six
blow,blow
it also provides for funds to clear slums and help colleges build dormitories,it also provides for funds to clear slums and help colleges build dormitories
it was a good win for us,it was a good win for us
the job provides many benefits,the job provides many benefits
night after night they received annoying phone calls,night after night they received annoying phone calls
sell,sell
chop,chop
top,top
there is a treehouse up above,there is a treehouse up above
the books are very expensive,the books are very expensive
and,and
zero,zero
league,league
pit,pit
shy,shy
nut,nut
red,red
x ray,x-ray
down,down
neat,neat
in,in
meat,meat
this is a good place though small,this is a good place though small
the owners regularly look for plumbing leaks,the owners regularly look for plumbing leaks
ticker,ticker
hand,hand
tin,tin
did dad do academic bidding,did dad do academic bidding
litter,litter
sin,sin
no,no
we bought a brown chair,we bought a brown chair
sheet,sheet
yes,yes
i'm willing to experiment for the first time,i'm willing to experiment for the first time
you want him to do well,you want him to do well
liquor,liquor
ship,ship
quicker,quicker
beg that guard for one gallon of gas,beg that guard for one gallon of gas
rest,rest
you can ride stagecoach,you can ride stagecoach
said,said
ned,ned
witch,witch
dead,dead
those musicians harmonize marvelously,those musicians harmonize marvelously
people who value themselves are life's winners,people who value themselves are life's winners
four,four
left,left
get a calico cat to keep,get a calico cat to keep
he took me out one day,he took me out one day
one,one
shoot,shoot
although always alone we survive,although always alone we survive
lock,lock
white capped waves covered the entire bay,white-capped waves covered the entire bay
please open the window quickly,please open the window quickly
we have an excellent team,we have an excellent team
fork,fork
shell,shell
nod,nod
romeo,romeo
travel is about the only leisure we have,travel is about the only leisure we have
sand,sand
he really crucified him he nailed it for a yard loss,he really crucified him he nailed it for a yard loss
two,two
the pair of shoes was new,the pair of shoes was new
flicker,flicker
being able to dance can help too,being able to dance can help too
rit,right
most young rise early every morning,most young rise early every morning
then we'd really have someplace to go,then we'd really have someplace to go
sink,sink
it's fun to roast marshmallows on a gas burner,it's fun to roast marshmallows on a gas burner
a,a
sit,sit
and,and
sicker,sicker
ham,ham
bread,bread
sell,sell
hand,hand
only lawyers love millionaires,only lawyers love millionaires
help greg to pick a peck of potatoes,help greg to pick a peck of potatoes
wit,wit
zulu,zulu
the wait for work can be very long,the wait for work can be very long
sin,sin
bed,bed
he played basketball there while working toward a law degree,he played basketball there while working toward a law degree
air,air
coconut cream pie makes a nice dessert,coconut cream pie makes a nice dessert
night,night
boot,boot
rise,rise
red,red
shed,shed
cakes,cakes
old,old
dill,dill
no,no
rake,rake
he asked you for a loan,he asked you for a loan
toe,toe
write,write
mill,mill
lake,lake
who knows what you'll discover about yourself,who knows what you'll discover about yourself
bill,bill
yes,yes
blend,blend
the four brothers looked identical,the four brothers looked identical
see,see
eat,eat
sight,sight
she doesn't like to have it hanging around,she doesn't like to have it hanging around
shin,shin
stimulating discussions keep students' attention,stimulating discussions keep students' attention
catch,catch
sew,sew
sketch,sketch
lee,lee
rip,rip
geese,geese
in,in
sew,sew
thread,thread
meat,meat
stretch,stretch
i scream to warm up my voice,i scream to warm up my voice
do they make any money,do they make any money
port,port
blend,blend
ship,ship
a quick touchdown resulted,a quick touchdown resulted
sheep,sheep
i've kept it with me ever since,i've kept it with me ever since
fort,fort
young people participate in athletic activities,young people participate in athletic activities
ride,ride
meats,meats
dug,dug
tug,tug
shred,shred
sort,sort
wise,wise
four,four
in fact our whole defensive unit did a good job,in fact our whole defensive unit did a good job
bill,bill
snake,snake
the fish swam across the pond,the fish swam across the pond
threat,threat
some prefer the traditional steel kind,some prefer the traditional steel kind
sheet,sheet
tort,tort
ray,ray
etiquette mandates compliance with existing regulations,etiquette mandates compliance with existing regulations
foe,foe
shot,shot
heat,heat
three,three
leak,leak
shop,shop
bread,bread
muck,muck
biblical scholars argue history,biblical scholars argue history
show,show
cash,cash
lip,lip
don't do charlie's dirty dishes,don't do charlie's dirty dishes
gas,gas
reap,reap
feet,feet
feet,feet
left,left
rake,rake
feed,feed
swarm,swarm
writ,right
rage,rage
sticks,sticks
farm,farm
meat,meat
yes,yes
form,form
grow,grow
two,two
train,train
feet,feet
corn,corn
feed,feed
sheet,sheet
usually minus several buttons,usually minus several buttons
the quick brown fox jumps over the lazy dog,the quick brown fox jumps over the lazy dog
swarm,swarm
air,air
no,no
he dresses himself in an ancient black frock coat,he dresses himself in an ancient black frock coat
beat,beat
four,for
torn,torn
one,one
ship,ship
beat,beat
we have often urged him to walk more and smoke less,we have often urged him to walk more and smoke less
store,store
down,down
pat,pat
born,born
glow,glow
storm,storm
horn,horn
dug,dug
air,air
grandfather likes to be modern in his language,grandfather likes to be modern in his language
storm,storm
tip,tip
rain,rain
but he always answers banana oil,but he always answers banana oil
hate,hate
select,select
witch,witch
hear,hear
no,no
group,group
their house is grey and white,their house is grey and white
both figures would go higher in later years,both figures would go higher in later years
slay,slay
pad,pad
we gathered shells on the beach,we gathered shells on the beach
write,write
write,write
troop,troop
ate,ate
three,three
galore,galore
play,play
wish,wish
air,air
rocks,rocks
pot,pot
white,white
area,area
just one side got wet,just one side got wet
shoot,shoot
sleep,sleep
steer,steer
cheer,cheer
tile,tile
mother sews yellow gingham aprons,mother sews yellow gingham aprons
i just try to do my best,i just try to do my best
he will allow a rare lie,he will allow a rare lie
nothing is as offensive as innocence,nothing is as offensive as innocence
peer,peer
thigh,thigh
all the big baseball players get traded,all the big baseball players get traded
all the big baseball players get traded,all the big baseball players get traded
mere,mere
coupe,coupe
she is thinner than i am,she is thinner than i am
delta,delta
my sister made the flowered curtains,my sister made the flowered curtains
urgent,urgent
four,four
menu,menu
pat,pat
boot,boot
much,much
forward,forward
yes,yes
i scrubbed the floors thoroughly,i scrubbed the floors thoroughly
whoop,whoop
lip,lip
write,write
deer,deer
ate,ate
spain,spain
leak,leak
mush,mush
seven,seven
leak,leak
he wrapped the package hastily,he wrapped the package hastily
pitting,pitting
fat,fat
both injuries were to the,both injuries were to the same leg
both injuries were to the same leg,both injuries were to the same leg
both injuries were to the same leg,both injuries were to the same leg
no,no
yes,yes
this is a period of transition for me,this is a period of transition for me
fat,fat
eight,eight
darn,darn
when all else fails use force,when all else fails use force
pit,pit
i expect we'll bounce back this week,i expect we'll bounce back this week
vat,vat
a roll of wire y near te,a roll of wire lay near the wall
a roll of wire lay near the wall,a roll of wire lay near the wall
alfalfa is healthy for you,alfalfa is healthy for you
lima,lima
much,much
five,five
it eventually became a rather proud claim,it eventually became a rather proud claim
nine,nine
hat,hat
oscar,oscar
leak,leak
at,at
at,at
nothing has been done yet to take advantage of the enabling legislation,nothing has been done yet to take advantage of the enabling legislation
cake,cake
aluminum silverware can often be flimsy,aluminum silverware can often be flimsy
bloat,bloat
this is not a program of socialized medicine,this is not a program of socialized medicine
fill,fill
witch,witch
seed,seed
take,take
november,november
at,at
six,six
blow,blow
it also provides for funds to clear slums and help colleges build dormitories,it also provides for funds to clear slums and help colleges build dormitories
it was a good win for us,it was a good win for us
the job provides many benefits,the job provides many benefits
night after night they received annoying phone calls,night after night they received annoying phone calls
sell,sell
chop,chop
top,top
there is a treehouse up above,there is a treehouse up above
the books are very expensive,the books are very expensive
and,and
zero,zero
league,league
pit,pit
shy,shy
nut,nut
red,red
x ray,x-ray
down,down
neat,neat
in,in
meat,meat
this is a good place though small,this is a good place though small
the owners regularly look for plumbing leaks,the owners regularly look for plumbing leaks
ticker,ticker
hand,hand
tin,tin
did dad do academic bidding,did dad do academic bidding
litter,litter
sin,sin
no,no
we bought a brown chair,we bought a brown chair
sheet,sheet
yes,yes
i'm willing to experiment for the first time,i'm willing to experiment for the first time
you want him to do well,you want him to do well
liquor,liquor
ship,ship
quicker,quicker
beg that guard for one gallon of gas,beg that guard for one gallon of gas
rest,rest
you can ride stagecoach,you can ride stagecoach
said,said
ned,ned
witch,witch
dead,dead
those musicians harmonize marvelously,those musicians harmonize marvelously
people who value themselves are life's winners,people who value themselves are life's winners
four,four
left,left
get a calico cat to keep,get a calico cat to keep
he took me out one day,he took me out one day
one,one
shoot,shoot
although always alone we survive,although always alone we survive
lock,lock
white capped waves covered the entire bay,white-capped waves covered the entire bay
please open the window quickly,please open the window quickly
we have an excellent team,we have an excellent team
fork,fork
shell,shell
nod,nod
romeo,romeo
travel is about the only leisure we have,travel is about the only leisure we have
sand,sand
he really crucified him he nailed it for a yard loss,he really crucified him he nailed it for a yard loss
two,two
the pair of shoes was new,the pair of shoes was new
flicker,flicker
being able to dance can help too,being able to dance can help too
wright,right
most young rise early every morning,most young rise early every morning
then we'd really have someplace to go,then we'd really have someplace to go
sink,sink
it's fun to roast marshmallows on a gas burner,it's fun to roast marshmallows on a gas burner
a,a
sit,sit
and,and
sicker,sicker
ham,ham
bread,bread
sell,sell
hand,hand
only lawyers love millionaires,only lawyers love millionaires
help greg to pick a peck of potatoes,help greg to pick a peck of potatoes
wit,wit
zulu,zulu
the wait for work can be very long,the wait for work can be very long
sin,sin
bed,bed
he played basketball there while working toward a law degree,he played basketball there while working toward a law degree
air,air
coconut cream pie makes a nice dessert,coconut cream pie makes a nice dessert
night,night
boot,boot
rise,rise
red,red
shed,shed
cakes,cakes
old,old
dill,dill
no,no
rake,rake
he asked you for a loan,he asked you for a loan
toe,toe
write,write
mill,mill
lake,lake
who knows what you'll discover about yourself,who knows what you'll discover about yourself
bill,bill
yes,yes
blend,blend
the four brothers looked identical,the four brothers looked identical
see,see
eat,eat
sight,sight
she doesn't like to have it hanging around,she doesn't like to have it hanging around
shin,shin
stimulating discussions keep students' attention,stimulating discussions keep students' attention
catch,catch
sew,sew
sketch,sketch
lee,lee
rip,rip
geese,geese
in,in
sew,sew
thread,thread
meat,meat
stretch,stretch
i scream to warm up my voice,i scream to warm up my voice
do they make any money,do they make any money
port,port
blend,blend
ship,ship
a quick touchdown resulted,a quick touchdown resulted
sheep,sheep
i've kept it with me ever since,i've kept it with me ever since
fort,fort
young people participate in athletic activities,young people participate in athletic activities
ride,ride
meats,meats
dug,dug
tug,tug
shred,shred
sort,sort
wise,wise
four,four
in fact our whole defensive unit did a good job,in fact our whole defensive unit did a good job
bill,bill
snake,snake
the fish swam across the pond,the fish swam across the pond
threat,threat
some prefer the traditional steel kind,some prefer the traditional steel kind
sheet,sheet
tort,tort
ray,ray
etiquette mandates compliance with existing regulations,etiquette mandates compliance with existing regulations
foe,foe
shot,shot
heat,heat
three,three
leak,leak
shop,shop
bread,bread
muck,muck
biblical scholars argue history,biblical scholars argue history
show,show
cash,cash
lip,lip
don't do charlie's dirty dishes,don't do charlie's dirty dishes
gas,gas
reap,reap
fork,fork
help celebrate your brother's success,help celebrate your brother's success
short,short
sew,sew
bend,bend
i called two different painters,i called two different painters
quart,quart
eat,eat
shoot,shoot
chop,chop
forward,forward
select,select
life is short and precious,life is short and precious
cake,cake
i think i'm full of this stuff,i think i'm full of this stuff
the results were very disappointing,the results were very disappointing
cheer,cheer
gill,gill
steak,steak
rid,rid
lend,lend
barb's gold bracelet was a graduation present,barb's gold bracelet was a graduation present
weep,weep
only the most accomplished artists obtain popularity,only the most accomplished artists obtain popularity
that's what life is really all about,that's what life is really all about
trespassers can be prosecuted and fined,trespassers can be prosecuted and fined
beat,beat
he,he
pork,pork
the little girls cut lacy valentines,the little girls cut lacy valentines
bill,bill
coat,coat
rake,rake
critical equipment needs proper maintenance,critical equipment needs proper maintenance
cork,cork
much,much
geese,geese
sin,sin
we selected places where families will be welcome,we selected places where families will be welcome
there is definitely some ligament damage in his knee,there is definitely some ligament damage in his knee
said,said
sport,sport
read,read
red,read
menu,menu
snort,snort
dead,dead
suddenly my reflexes are gone,suddenly my reflexes are gone
we just didn't look good,we just didn't look good
center,center
sheer,sheer
elderly people are often excluded,elderly people are often excluded
grandmother outgrew her upbringing in petticoats,grandmother outgrew her upbringing in petticoats
six,six
it,it
feet,feet
it was very popular with our fans,it was very popular with our fans
her classical performance gained critical acclaim,her classical performance gained critical acclaim
at twilight on the twelfth day we'll have chablis,at twilight on the twelfth day we'll have chablis
guess,guess
mom strongly dislikes appetizers,mom strongly dislikes appetizers
tea,tea
coat,coat
seven,seven
see,sea
yet he remains the fiercest of competitors,yet he remains the fiercest of competitors
mock,mock
her dark hair is combed casually,her dark hair is combed casually
addition and subtraction are learned skills,addition and subtraction are learned skills
zero,zero
worse luck was still to come,worse luck was still to come
ache,ache
reap,reap
neat,neat
fork,fork
three,three
ambidextrous pickpockets accomplish more,ambidextrous pickpockets accomplish more
cheer,cheer
nine,nine
five,five
her position covers a number of daily tasks common to any social director,her position covers a number of daily tasks common to any social director
sticks,sticks
eight,eight
the sun died at night,the sun died at night
hash,hash
tail,tail
seam,seam
ash,ash
knife,knife
beast,beast
row,row
i tell you it was wonderful,i tell you it was wonderful
eight,eight
six,six
meat,meat
gash,gash
timber,timber
four,four
gold can be found anywhere,gold can be found anywhere
i also can be quite vocal,i also can be quite vocal
sender,sender
so if anybody solicits by phone make sure you mail the dough to the above,so if anybody solicits by phone make sure you mail the dough to the above
pete,pete
to,to
dock,dock
she,she
lender,lender
the golfing fathers ruled in his favor,the golfing fathers ruled in his favor
beam,beam
bender,bender
i don't think it's a good idea,i don't think it's a good idea
meat,meat
the marriage went wo from the start,the marriage went well from the start
the marriage went well from the start,the marriage went well from the start
hail,hail
bumper,bumper
i was pleased with the way things went,i was pleased with the way things went
feed,feed
me,me
see,see
a fire in straw makes a quick blaze,a fire in straw makes a quick blaze
renter,renter
we have a big house,we have a big house
beat,beat
tender,tender
zero,zero
woe,woe
it requires no big investment,it requires no big investment
cash,cash
two,two
leap,leap
temper,temper
forks,forks
ape,ape
they will take a wedding trip later,they will take a wedding trip later
basketball can be an entertaining sport,basketball can be an entertaining sport
i haven't seen that friend for years,i haven't seen that friend for years
food,food
she suggested we all have dinner together,she suggested we all have dinner together
seven,seven
catastrophic economic cutbacks neglect the poor,catastrophic economic cutbacks neglect the poor
five,five
six,six
one,one
beep,beep
geese,geese
fender,fender
beef,beef
member,member
code,code
reap,reap
reef,reef
fit,fit
i loved every minute of it,i loved every minute of it
nine,nine
seat,seat
ember,ember
that pickpocket was caught red handed,that pickpocket was caught red-handed
those people are much quicker than i am,those people are much quicker than i am
the job also covers a number of other items,the job also covers a number of other items
fill,fill
we experience distress and frustration obtaining our degrees,we experience distress and frustration obtaining our degrees
fell,fell
harm,harm
air,air
the prowler wore a ski mask for disguise,the prowler wore a ski mask for disguise
seed,seed
add,add
pit,pit
harm,harm
rakes,rakes
ticks,ticks
hat,hat
is,is
sell,sell
the plot is laced with mysterious incidents,the plot is laced with mysterious incidents
chocolate and roses never fail as a romantic gift,chocolate and roses never fail as a romantic gift
fat,fat
are,are
even a simple vocabulary contains symbols,even a simple vocabulary contains symbols
academic aptitude guarantees your diploma,academic aptitude guarantees your diploma
pet,pet
the legislature met to judge the state of public education,the legislature met to judge the state of public education
this he added brought about pty' e    pettes,this he added brought about petty jealousies and petty personal grievances
this he added brought about petty jealousies and petty personal grievances,this he added brought about petty jealousies and petty personal grievances
hash,hash
dug,dug
dock,dock
dial,dial
ease,ease
chap,chap
had,had
begin by trying to speak up more,begin by trying to speak up more
feet,feet
bunch,bunch
at,at
reap,reap
cheese,cheese
heat,heat
aid,aid
sake,sake
fill,fill
rise,rise
seat,seat
wax,wax
pat,pat
fat,fat
the eastern coast is a place for pure pleasure and excitement,the eastern coast is a place for pure pleasure and excitement
we all sat down and relaxed,we all sat down and relaxed
tile,tile
steak,steak
ail,ail
lit,lit
bunch,bunch
punch,punch
now i'm living exactly as i choose,now i'm living exactly as i choose
lip,lip
mile,mile
i didn't know where they were coming from,i didn't know where they were coming from
eight,ate
ache,ache
pit,pit
tall,tall
any contributions will be greatly appreciated,any contributions will be greatly appreciated
racks,racks
rip,rip
wax,wax
knock,knock
hat,hat
munch,munch
cat,cat
aghte,ate
leak,leak
sticks,sticks
hall,hall
hatch,hatch
low,low
hail,hail
we shelled clams for the chowder,we shelled clams for the chowder
we talked about the situation,we talked about the situation
leaks,leaks
take,take
full,full
look for pockets of black sand,look for pockets of black sand
ease,ease
cash,cash
be prepared for odd behavior from friends,be prepared for odd behavior from friends
peas,peas
add,add
i wanted to be an actress,i wanted to be an actress
the structures housing the apartments are of masonry and frame construction,the structures housing the apartments are of masonry and frame construction
rake,rake
ache,ache
ease,ease
leap,leap
row,row
there was no confirmation of such massive assaults from independent sources,there was no confirmation of such massive assaults from independent sources
aches,aches
he'll sell them by the box,he'll sell them by the box
bun,bun
tile,tile
sheet,sheet
he has played very well,he has played very well
lax,lax
blend,blend
i had no desire to change my ways,i had no desire to change my ways
the singer's finger had a splinter,the singer's finger had a splinter
bunch,bunch
end,end
lip,lip
charm,charm
we are the largest of the four states,we are the largest of the four states
range was a vital detail,range was a vital detail
is,is
try to work things out,try to work things out
pat,pat
arm,arm
lies,lies
it was a great meeting,it was a great meeting
have no fear if you come alone,have no fear if you come alone
pill,pill
chop,chop
see,see
steak,steak
duck,duck
we know we can score,we know we can score
feet,feet
wives,wives
fork,fork
help celebrate your brother's success,help celebrate your brother's success
short,short
sew,sew
bend,bend
i called two different painters,i called two different painters
quart,quart
eat,eat
shoot,shoot
chop,chop
forward,forward
select,select
hold,hold
life is short and precious,life is short and precious
cake,cake
i think i'm full of this stuff,i think i'm full of this stuff
the results were very disappointing,the results were very disappointing
cheer,cheer
gill,gill
steak,steak
rid,rid
lend,lend
barb's gold bracelet was a graduation present,barb's gold bracelet was a graduation present
weep,weep
only the most accomplished artists obtain popularity,only the most accomplished artists obtain popularity
that's what life is really all about,that's what life is really all about
trespassers can be prosecuted and fined,trespassers can be prosecuted and fined
beat,beat
he,he
pork,pork
the little girls cut lacy valentines,the little girls cut lacy valentines
bill,bill
coat,coat
rake,rake
critical equipment needs proper maintenance,critical equipment needs proper maintenance
cork,cork
much,much
geese,geese
sin,sin
we selected places where families will be welcome,we selected places where families will be welcome
there is definitely some ligament damage in his knee,there is definitely some ligament damage in his knee
said,said
sport,sport
read,read
red,read
menu,menu
snort,snort
dead,dead
suddenly my reflexes are gone,suddenly my reflexes are gone
we just didn't look good,we just didn't look good
center,center
sheer,sheer
elderly people are often excluded,elderly people are often excluded
grandmother outgrew her upbringing in petticoats,grandmother outgrew her upbringing in petticoats
six,six
it,it
feet,feet
it was very popular with our fans,it was very popular with our fans
her classical performance gained critical acclaim,her classical performance gained critical acclaim
at twilight on the twelfth day we'll have chablis,at twilight on the twelfth day we'll have chablis
guess,guess
mom strongly dislikes appetizers,mom strongly dislikes appetizers
tea,tea
coat,coat
seven,seven
see,sea
yet he remains the fiercest of competitors,yet he remains the fiercest of competitors
mock,mock
her dark hair is combed casually,her dark hair is combed casually
addition and subtraction are learned skills,addition and subtraction are learned skills
zero,zero
worse luck was still to come,worse luck was still to come
ache,ache
reap,reap
neat,neat
fork,fork
three,three
ambidextrous pickpockets accomplish more,ambidextrous pickpockets accomplish more
cheer,cheer
nine,nine
five,five
her position covers a number of daily tasks common to any social director,her position covers a number of daily tasks common to any social director
sticks,sticks
eight,eight
the sun died at night,the sun died at night
hash,hash
tail,tail
seam,seam
ash,ash
knife,knife
beast,beast
row,row
i tell you it was wonderful,i tell you it was wonderful
eight,eight
six,six
meat,meat
gash,gash
timber,timber
four,four
gold can be found anywhere,gold can be found anywhere
i also can be quite vocal,i also can be quite vocal
sender,sender
so if anybody solicits by phone make sure you mail the dough to the above,so if anybody solicits by phone make sure you mail the dough to the above
pete,pete
to,to
dock,dock
she,she
lender,lender
the golfing fathers ruled in his favor,the golfing fathers ruled in his favor
beam,beam
bender,bender
i don't think it's a good idea,i don't think it's a good idea
meat,meat
the marriage went woe from the start,the marriage went well from the start
the marriage went well from the start,the marriage went well from the start
hail,hail
bumper,bumper
i was pleased with the way things went,i was pleased with the way things went
feed,feed
me,me
see,see
a fire in straw makes a quick blaze,a fire in straw makes a quick blaze
renter,renter
we have a big house,we have a big house
beat,beat
tender,tender
zero,zero
woe,woe
it requires no big investment,it requires no big investment
cash,cash
two,two
leap,leap
temper,temper
forks,forks
ape,ape
they will take a wedding trip later,they will take a wedding trip later
basketball can be an entertaining sport,basketball can be an entertaining sport
i haven't seen that friend for years,i haven't seen that friend for years
food,food
she suggested we all have dinner together,she suggested we all have dinner together
seven,seven
catastrophic economic cutbacks neglect the poor,catastrophic economic cutbacks neglect the poor
five,five
six,six
one,one
beep,beep
geese,geese
fender,fender
beef,beef
member,member
code,code
reap,reap
reef,reef
fit,fit
i loved every minute of it,i loved every minute of it
nine,nine
seat,seat
ember,ember
that pickpocket was caught red handed,that pickpocket was caught red-handed
those people are much quicker than i am,those people are much quicker than i am
the job also covers a number of other items,the job also covers a number of other items
fill,fill
we experience distress and frustration obtaining our degrees,we experience distress and frustration obtaining our degrees
fell,fell
harm,harm
air,air
the prowler wore a ski mask for disguise,the prowler wore a ski mask for disguise
seed,seed
add,add
pit,pit
harm,harm
rakes,rakes
ticks,ticks
hat,hat
is,is
sell,sell
the plot is laced with mysterious incidents,the plot is laced with mysterious incidents
chocolate and roses never fail as a romantic gift,chocolate and roses never fail as a romantic gift
fat,fat
are,are
even a simple vocabulary contains symbols,even a simple vocabulary contains symbols
academic aptitude guarantees your diploma,academic aptitude guarantees your diploma
pet,pet
the legislature met to judge the state of public education,the legislature met to judge the state of public education
this he added brought about ty e   ooe petteenes,this he added brought about petty jealousies and petty personal grievances
this he added brought about petty jealousies and petty personal grievances,this he added brought about petty jealousies and petty personal grievances
hash,hash
dug,dug
dock,dock
dial,dial
ease,ease
chap,chap
had,had
begin by trying to speak up more,begin by trying to speak up more
feet,feet
bunch,bunch
at,at
reap,reap
cheese,cheese
heat,heat
aid,aid
sake,sake
fill,fill
rise,rise
seat,seat
wax,wax
pat,pat
fat,fat
the eastern coast is a place for pure pleasure and excitement,the eastern coast is a place for pure pleasure and excitement
we all sat down and relaxed,we all sat down and relaxed
tile,tile
steak,steak
ail,ail
lit,lit
bunch,bunch
punch,punch
now i'm living exactly as i choose,now i'm living exactly as i choose
lip,lip
mile,mile
swarm,swarm
train,train
yes,yes
born,born
beat,beat
rake,rake
but he always answers banana oil,but he always answers banana oil
rain,rain
glow,glow
grandfather likes to be modern in his language,grandfather likes to be modern in his language
writ,right
we have often urged him to walk more and smoke less,we have often urged him to walk more and smoke less
store,store
feet,feet
the quick brown fox jumps over the lazy dog,the quick brown fox jumps over the lazy dog
dug,dug
corn,corn
air,air
tip,tip
feed,feed
grow,grow
torn,torn
sticks,sticks
air,air
sheet,sheet
down,down
pat,pat
rage,rage
he dresses himself in an ancient black frock coat,he dresses himself in an ancient black frock coat
storm,storm
left,left
usually minus several buttons,usually minus several buttons
feed,feed
storm,storm
no,no
one,one
for,for
feet,feet
form,form
farm,farm
two,two
ship,ship
swarm,swarm
beat,beat
horn,horn
meat,meat
select,select
troop,troop
hear,hear
forward,forward
delta,delta
pat,pat
play,play
galore,galore
cheer,cheer
my sister made the flowered curtains,my sister made the flowered curtains
thigh,thigh
we gathered shells on the beach,we gathered shells on the beach
deer,deer
peer,peer
mere,mere
white,white
air,air
pot,pot
four,four
shoot,shoot
just one side got wet,just one side got wet
rocks,rocks
tile,tile
lip,lip
coupe,coupe
mother sews yellow gingham aprons,mother sews yellow gingham aprons
mother sews yellow gingham aprons,mother sews yellow gingham aprons
i just try to do my best,i just try to do my best
urgent,urgent
witch,witch
ate,ate
much,much
sleep,sleep
slay,slay
write,write
steer,steer
group,group
boot,boot
no,no
he will allow a rare lie,he will allow a rare lie
wish,wish
both figures would go higher in later years,both figures would go higher in later years
nothing is as offensive as innocence,nothing is as offensive as innocence
igt,ate
she is thinner than i am,she is thinner than i am
i scrubbed the floors thoroughly,i scrubbed the floors thoroughly
three,three
write,write
menu,menu
hate,hate
whoop,whoop
their house is grey and white,their house is grey and white
yes,yes
all the big baseball players get traded,all the big baseball players get traded
area,area
nothing has been done yet to take advantage of the enabling legislation,nothing has been done yet to take advantage of the enabling legislation
the books are very expensive,the books are very expensive
pitting,pitting
when all else fails u force,when all else fails use force
when all else fails use force,when all else fails use force
much,much
cake,cake
nine,nine
fill,fill
seed,seed
take,take
there is a treehouse up above,there is a treehouse up above
shy,shy
and,and
top,top
vat,vat
witch,witch
five,five
eight,eight
this is not a program of socialized medicine,this is not a program of socialized medicine
league,league
it was a good win for us,it was a good win for us
six,six
it eventually became a rather proud claim,it eventually became a rather proud claim
aluminum silverware can often be flimsy,aluminum silverware can often be flimsy
this is a period of transition for me,this is a period of transition for me
no,no
pit,pit
fat,fat
the job provides many benefits,the job provides many benefits
it also provides for funds to clear slums and help colleges build dormitories,it also provides for funds to clear slums and help colleges build dormitories
mush,mush
alfalfa is healthy for you,alfalfa is healthy for you
fat,fat
night after night they received annoying phone calls,night after night they received annoying phone calls
seven,seven
both injuries were to the same leg,both injuries were to the same leg
leak,leak
lima,lima
darn,darn
blow,blow
bloat,bloat
spain,spain
november,november
at,at
sell,sell
leak,leak
zero,zero
hat,hat
pit,pit
oscar,oscar
he wrapped the package hastily,he wrapped the package hastily
i expect we'll bounce back this week,i expect we'll bounce back this week
a roll of wire lay near the wall,a roll of wire lay near the wall
leak,leak
at,at
chop,chop
yes,yes
you want him to do well,you want him to do well
hand,hand
sin,sin
red,red
you can ride stagecoach,you can ride stagecoach
nod,nod
dead,dead
the pair of shoes was new,the pair of shoes was new
those musicians harmonize marvelously,those musicians harmonize marvelously
down,down
liquor,liquor
sell,sell
bed,bed
sheet,sheet
yes,yes
zulu,zulu
although always alone we survive,although always alone we survive
and,and
he really crucified him he nailed it for a yard loss,he really crucified him he nailed it for a yard loss
we bought a brown chair,we bought a brown chair
people who value themselves are life's winners,people who value themselves are life's winners
no,no
meat,meat
get a calico cat to keep,get a calico cat to keep
x ray,x-ray
rest,rest
i'm willing to experiment for the first time,i'm willing to experiment for the first time
tin,tin
tin,tin
hand,hand
four,four
quicker,quicker
nut,nut
we have an excellent team,we have an excellent team
lock,lock
did dad do academic bidding,did dad do academic bidding
did dad do academic bidding,did dad do academic bidding
then we'd really have someplace to go,then we'd really have someplace to go
wit,wit
bread,bread
fork,fork
white capped waves covered the entire bay,white-capped waves covered the entire bay
flicker,flicker
sit,sit
left,left
shoot,shoot
one,one
beg that guard for one gallon of gas,beg that guard for one gallon of gas
travel is about the only leisure we have,travel is about the only leisure we have
please open the window quickly,please open the window quickly
sand,sand
this is a good place though small,this is a good place though small
most young rise early every morning,most young rise early every morning
ned,ned
sink,sink
a,a
witch,witch
ticker,ticker
the owners regularly look for plumbing leaks,the owners regularly look for plumbing leaks
it's fun to roast marshmallows on a gas burner,it's fun to roast marshmallows on a gas burner
two,two
write,right
in,in
sicker,sicker
the wait for work can be very long,the wait for work can be very long
he took me out one day,he took me out one day
sin,sin
only lawyers love millionaires,only lawyers love millionaires
romeo,romeo
litter,litter
ham,ham
being able to dance can help too,being able to dance can help too
ship,ship
help greg to pick a peck of potatoes,help greg to pick a peck of potatoes
shell,shell
neat,neat
biblical scholars argue history,biblical scholars argue history
chop,chop
wise,wise
shred,shred
sketch,sketch
reap,reap
steak,steak
a quick touchdown resulted,a quick touchdown resulted
beat,beat
cheer,cheer
no,no
write,write
three,three
sew,sew
bill,bill
stretch,stretch
cake,cake
fork,fork
short,short
threat,threat
ray,ray
toe,toe
etiquette mandates compliance with existing regulations,etiquette mandates compliance with existing regulations
sport,sport
tort,tort
show,show
geese,geese
there is definitely some ligament damage in his knee,there is definitely some ligament damage in his knee
the results were very disappointing,the results were very disappointing
coat,coat
said,said
i've kept it with me ever since,i've kept it with me ever since
i've kept it with me ever since,i've kept it with me ever since
hold,hold
thread,thread
trespassers can be prosecuted and fined,trespassers can be prosecuted and fined
four,four
only the most accomplished artists obtain popularity,only the most accomplished artists obtain popularity
bread,bread
sort,sort
night,night
gas,gas
shin,shin
shop,shop
menu,menu
snake,snake
rid,rid
i think i'm full of this stuff,i think i'm full of this stuff
boot,boot
rake,rake
lend,lend
select,select
much,much
critical equipment needs proper maintenance,critical equipment needs proper maintenance
muck,muck
barb's gold bracelet was a graduation present,barb's gold bracelet was a graduation present
rip,rip
coconut cream pie makes a nice dessert,coconut cream pie makes a nice dessert
shot,shot
i scream to warm up my voice,i scream to warm up my voice
sheet,sheet
bend,bend
sheep,sheep
the little girls cut lacy valentines,the little girls cut lacy valentines
eat,eat
meat,meat
do they make any money,do they make any money
i called two different painters,i called two different painters
cakes,cakes
catch,catch
help celebrate your brother's success,help celebrate your brother's success
blend,blend
gill,gill
lee,lee
leak,leak
red,red
dead,dead
sew,sew
stimulating discussions keep students' attention,stimulating discussions keep students' attention
the fish swam across the pond,the fish swam across the pond
pork,pork
suddenly my reflexes are gone,suddenly my reflexes are gone
suddenly my reflexes are gone,suddenly my reflexes are gone
forward,forward
sight,sight
shoot,shoot
ride,ride
who knows what you'll discover about yourself,who knows what you'll discover about yourself
heat,heat
ship,ship
she doesn't like to have it hanging around,she doesn't like to have it hanging around
life is short and precious,life is short and precious
read,read
shed,shed
foe,foe
bill,bill
he,he
lake,lake
weep,weep
young people participate in athletic activities,young people participate in athletic activities
dug,dug
in,in
air,air
he played basketball there while working toward a law degree,he played basketball there while working toward a law degree
eat,eat
dill,dill
snort,snort
blend,blend
some prefer the traditional steel kind,some prefer the traditional steel kind
he asked you for a loan,he asked you for a loan
old,old
cash,cash
in fact our whole defensive unit did a good job,in fact our whole defensive unit did a good job
the four brothers looked identical,the four brothers looked identical
see,see
don't do charlie's dirty dishes,don't do charlie's dirty dishes
fort,fort
sin,sin
yes,yes
we selected places where families will be welcome,we selected places where families will be welcome
geese,geese
rise,rise
bill,bill
lip,lip
cork,cork
quart,quart
sew,sew
that's what life is really all about,that's what life is really all about
tug,tug
mill,mill
port,port
swarm,swarm
train,train
yes,yes
born,born
beat,beat
rake,rake
but he always answers banana oil,but he always answers banana oil
rain,rain
glow,glow
grandfather likes to be modern in his language,grandfather likes to be modern in his language
wright,right
we have often urged him to walk more and smoke less,we have often urged him to walk more and smoke less
store,store
feet,feet
the quick brown fox jumps over the lazy dog,the quick brown fox jumps over the lazy dog
dug,dug
corn,corn
air,air
tip,tip
feed,feed
grow,grow
torn,torn
sticks,sticks
air,air
sheet,sheet
down,down
pat,pat
rage,rage
he dresses himself in an ancient black frock coat,he dresses himself in an ancient black frock coat
storm,storm
left,left
usually minus several buttons,usually minus several buttons
feed,feed
storm,storm
no,no
one,one
four,for
feet,feet
form,form
farm,farm
two,two
ship,ship
swarm,swarm
beat,beat
horn,horn
meat,meat
select,select
troop,troop
hear,hear
forward,forward
delta,delta
pat,pat
play,play
galore,galore
cheer,cheer
my sister made the flowered curtains,my sister made the flowered curtains
thigh,thigh
we gathered shells on the beach,we gathered shells on the beach
deer,deer
peer,peer
mere,mere
white,white
air,air
pot,pot
four,four
shoot,shoot
just one side got wet,just one side got wet
rocks,rocks
tile,tile
lip,lip
coupe,coupe
mother sews yellow gingham aprons,mother sews yellow gingham aprons
mother sews yellow gingham aprons,mother sews yellow gingham aprons
i just try to do my best,i just try to do my best
urgent,urgent
witch,witch
ate,ate
much,much
sleep,sleep
slay,slay
write,write
steer,steer
group,group
boot,boot
no,no
he will allow a rare lie,he will allow a rare lie
wish,wish
both figures would go higher in later years,both figures would go higher in later years
nothing is as offensive as innocence,nothing is as offensive as innocence
eight,ate
she is thinner than i am,she is thinner than i am
i scrubbed the floors thoroughly,i scrubbed the floors thoroughly
three,three
write,write
menu,menu
pad,pad
hate,hate
whoop,whoop
their house is grey and white,their house is grey and white
yes,yes
all the big baseball players get traded,all the big baseball players get traded
area,area
nothing has been done yet to take advantage of the enabling legislation,nothing has been done yet to take advantage of the enabling legislation
the books are very expensive,the books are very expensive
pitting,pitting
when all else fails use force,when all else fails use force
when all else fails use force,when all else fails use force
much,much
cake,cake
nine,nine
fill,fill
seed,seed
take,take
there is a treehouse up above,there is a treehouse up above
shy,shy
and,and
top,top
vat,vat
witch,witch
five,five
eight,eight
this is not a program of socialized medicine,this is not a program of socialized medicine
league,league
it was a good win for us,it was a good win for us
six,six
it eventually became a rather proud claim,it eventually became a rather proud claim
aluminum silverware can often be flimsy,aluminum silverware can often be flimsy
this is a period of transition for me,this is a period of transition for me
no,no
pit,pit
fat,fat
the job provides many benefits,the job provides many benefits
it also provides for funds to clear slums and help colleges build dormitories,it also provides for funds to clear slums and help colleges build dormitories
mush,mush
alfalfa is healthy for you,alfalfa is healthy for you
fat,fat
night after night they received annoying phone calls,night after night they received annoying phone calls
seven,seven
both injuries were to the same leg,both injuries were to the same leg
leak,leak
lima,lima
darn,darn
blow,blow
bloat,bloat
spain,spain
november,november
at,at
sell,sell
leak,leak
zero,zero
hat,hat
pit,pit
oscar,oscar
he wrapped the package hastily,he wrapped the package hastily
i expect we'll bounce back this week,i expect we'll bounce back this week
a roll of wire lay near the wall,a roll of wire lay near the wall
leak,leak
at,at
chop,chop
yes,yes
you want him to do well,you want him to do well
hand,hand
sin,sin
red,red
you can ride stagecoach,you can ride stagecoach
nod,nod
dead,dead
the pair of shoes was new,the pair of shoes was new
those musicians harmonize marvelously,those musicians harmonize marvelously
down,down
liquor,liquor
sell,sell
bed,bed
sheet,sheet
yes,yes
zulu,zulu
although always alone we survive,although always alone we survive
and,and
he really crucified him he nailed it for a yard loss,he really crucified him he nailed it for a yard loss
we bought a brown chair,we bought a brown chair
people who value themselves are life's winners,people who value themselves are life's winners
no,no
meat,meat
get a calico cat to keep,get a calico cat to keep
x ray,x-ray
rest,rest
said,said
i'm willing to experiment for the first time,i'm willing to experiment for the first time
tin,tin
tin,tin
hand,hand
four,four
quicker,quicker
nut,nut
we have an excellent team,we have an excellent team
lock,lock
did dad do academic bidding,did dad do academic bidding
did dad do academic bidding,did dad do academic bidding
then we'd really have someplace to go,then we'd really have someplace to go
wit,wit
bread,bread
fork,fork
white capped waves covered the entire bay,white-capped waves covered the entire bay
flicker,flicker
sit,sit
left,left
shoot,shoot
one,one
beg that guard for one gallon of gas,beg that guard for one gallon of gas
travel is about the only leisure we have,travel is about the only leisure we have
please open the window quickly,please open the window quickly
sand,sand
this is a good place though small,this is a good place though small
most young rise early every morning,most young rise early every morning
ned,ned
sink,sink
a,a
witch,witch
ticker,ticker
the owners regularly look for plumbing leaks,the owners regularly look for plumbing leaks
it's fun to roast marshmallows on a gas burner,it's fun to roast marshmallows on a gas burner
two,two
write,right
in,in
sicker,sicker
the wait for work can be very long,the wait for work can be very long
he took me out one day,he took me out one day
sin,sin
only lawyers love millionaires,only lawyers love millionaires
romeo,romeo
litter,litter
ham,ham
being able to dance can help too,being able to dance can help too
ship,ship
help greg to pick a peck of potatoes,help greg to pick a peck of potatoes
shell,shell
neat,neat
biblical scholars argue history,biblical scholars argue history
chop,chop
wise,wise
shred,shred
sketch,sketch
reap,reap
steak,steak
a quick touchdown resulted,a quick touchdown resulted
beat,beat
cheer,cheer
no,no
write,write
three,three
sew,sew
bill,bill
stretch,stretch
cake,cake
fork,fork
short,short
threat,threat
ray,ray
toe,toe
etiquette mandates compliance with existing regulations,etiquette mandates compliance with existing regulations
sport,sport
tort,tort
show,show
geese,geese
there is definitely some ligament damage in his knee,there is definitely some ligament damage in his knee
the results were very disappointing,the results were very disappointing
coat,coat
said,said
i've kept it with me ever since,i've kept it with me ever since
i've kept it with me ever since,i've kept it with me ever since
hold,hold
thread,thread
trespassers can be prosecuted and fined,trespassers can be prosecuted and fined
four,four
only the most accomplished artists obtain popularity,only the most accomplished artists obtain popularity
bread,bread
sort,sort
night,night
gas,gas
shin,shin
shop,shop
menu,menu
snake,snake
rid,rid
i think i'm full of this stuff,i think i'm full of this stuff
boot,boot
rake,rake
lend,lend
select,select
much,much
critical equipment needs proper maintenance,critical equipment needs proper maintenance
muck,muck
barb's gold bracelet was a graduation present,barb's gold bracelet was a graduation present
rip,rip
coconut cream pie makes a nice dessert,coconut cream pie makes a nice dessert
shot,shot
i scream to warm up my voice,i scream to warm up my voice
sheet,sheet
bend,bend
sheep,sheep
the little girls cut lacy valentines,the little girls cut lacy valentines
eat,eat
meat,meat
do they make any money,do they make any money
i called two different painters,i called two different painters
cakes,cakes
catch,catch
help celebrate your brother's success,help celebrate your brother's success
blend,blend
gill,gill
lee,lee
leak,leak
red,red
rake,rake
dead,dead
sew,sew
stimulating discussions keep students' attention,stimulating discussions keep students' attention
the fish swam across the pond,the fish swam across the pond
pork,pork
suddenly my reflexes are gone,suddenly my reflexes are gone
suddenly my reflexes are gone,suddenly my reflexes are gone
forward,forward
sight,sight
shoot,shoot
ride,ride
who knows what you'll discover about yourself,who knows what you'll discover about yourself
heat,heat
ship,ship
she doesn't like to have it hanging around,she doesn't like to have it hanging around
life is short and precious,life is short and precious
read,read
shed,shed
foe,foe
bill,bill
he,he
lake,lake
weep,weep
young people participate in athletic activities,young people participate in athletic activities
dug,dug
in,in
air,air
he played basketball there while working toward a law degree,he played basketball there while working toward a law degree
eat,eat
dill,dill
snort,snort
blend,blend
some prefer the traditional steel kind,some prefer the traditional steel kind
he asked you for a loan,he asked you for a loan
old,old
cash,cash
in fact our whole defensive unit did a good job,in fact our whole defensive unit did a good job
the four brothers looked identical,the four brothers looked identical
see,see
don't do charlie's dirty dishes,don't do charlie's dirty dishes
fort,fort
sin,sin
yes,yes
we selected places where families will be welcome,we selected places where families will be welcome
geese,geese
rise,rise
bill,bill
lip,lip
cork,cork
quart,quart
sew,sew
that's what life is really all about,that's what life is really all about
tug,tug
mill,mill
port,port
beat,beat
we just didn't look good,we just didn't look good
mock,mock
ache,ache
six,six
eight,eight
eight,eight
seam,seam
fork,fork
one,one
five,five
woe,woe
elderly people are often excluded,elderly people are often excluded
coat,coat
reap,reap
i also can be quite vocal,i also can be quite vocal
so if anybody solicits by phone make sure you mail the dough too,so if anybody solicits by phone make sure you mail the dough to
addition and subtraction are learned skills,addition and subtraction are learned skills
forks,forks
hail,hail
tea,tea
reef,reef
yet he remains the fiercest of competitors,yet he remains the fiercest of competitors
mom strongly dislikes appetizers,mom strongly dislikes appetizers
bumper,bumper
renter,renter
grandmother outgrew her upbringing in petticoats,grandmother outgrew her upbringing in petticoats
it was very popular with our fans,it was very popular with our fans
food,food
pete,pete
see,see
tender,tender
her classical performance gained critical acclaim,her classical performance gained critical acclaim
seven,seven
bender,bender
nine,nine
five,five
code,code
she,she
we have a big house,we have a big house
gash,gash
meat,meat
gold can be found anywhere,gold can be found anywhere
i don't think it's a good idea,i don't think it's a good idea
meat,meat
ember,ember
at twilight on the twelfth day we'll have chablis,at twilight on the twelfth day we'll have chablis
at twilight on the twelfth day we'll have chablis,at twilight on the twelfth day we'll have chablis
reap,reap
neat,neat
the golfing fathers ruled in his favor,the golfing fathers ruled in his favor
guess,guess
guess,guess
six,six
beef,beef
lender,lender
sender,sender
sticks,sticks
zero,zero
cash,cash
zero,zero
i loved every minute of it,i loved every minute of it
ambidextrous pickpockets accomplish more,ambidextrous pickpockets accomplish more
dock,dock
hash,hash
they will take a wedding trip later,they will take a wedding trip later
two,two
those people are much quicker than i am,those people are much quicker than i am
me,me
sheer,sheer
seven,seven
fit,fit
a fire in straw makes a quick blaze,a fire in straw makes a quick blaze
beast,beast
she suggested we all have dinner together,she suggested we all have dinner together
ash,ash
member,member
beam,beam
fender,fender
geese,geese
timber,timber
that pickpocket was caught red handed,that pickpocket was caught red-handed
that pickpocket was caught red handed,that pickpocket was caught red-handed
her position covers a number of daily tasks common to any,her position covers a number of daily tasks common to any social director
catastrophic economic cutbacks neglect the poor,catastrophic economic cutbacks neglect the poor
basketball can be an entertaining sport,basketball can be an entertaining sport
seat,seat
her dark hair is combed casually,her dark hair is combed casually
the sun died at night,the sun died at night
nine,nine
center,center
row,row
it,it
i was pleased with the way things went,i was pleased with the way things went
it requires no big investment,it requires no big investment
two,to
leap,leap
worse luck was still to come,worse luck was still to come
i haven't seen that friend for years,i haven't seen that friend for years
feed,feed
ape,ape
four,four
i tell you it was wonderful,i tell you it was wonderful
tail,tail
feet,feet
beep,beep
temper,temper
see,sea
knife,knife
three,three
cheer,cheer
the marriage went well from the start,the marriage went well from the start
six,six
the legislature met to judge the state of public education,the legislature met to judge the state of public education
sheet,sheet
pit,pit
hash,hash
ate,ate
it was a great meeting,it was a great meeting
lax,lax
dug,dug
sake,sake
we are the largest of the four states,we are the largest of the four states
look for pockets of black sand,look for pockets of black sand
leaks,leaks
the lack of heat compounded the tenant's grievances,the lack of heat compounded the tenant's grievances
dial,dial
harm,harm
munch,munch
lip,lip
duck,duck
the eastern coast is a place for pure pleasure and excitement,the eastern coast is a place for pure pleasure and excitement
i didn't kow where they were coming from,i didn't know where they were coming from
fat,fat
ache,ache
there was no confirmation of such massive ass oe,there was no confirmation of such massive assaults from independent sources
there was no confirmation ofof such massive assaults for ete e,there was no confirmation of such massive assaults from independent sources
academic aptitude guarantees your diploma,academic aptitude guarantees your diploma
ease,ease
full,full
the plot is laced with mysterious incidents,the plot is laced with mysterious incidents
row,row
we experience distress and frustration obtaining ou er,we experience distress and frustration obtaining our degrees
racks,racks
we all sat down and relaxed,we all sat down and relaxed
have no fear if you come alone,have no fear if you come alone
add,add
any contributions will be greatly appreciated,any contributions will be greatly appreciated
sell,sell
hate,ate
wax,wax
at,at
bunch,bunch
lit,lit
hall,hall
hatch,hatch
leak,leak
the prowler wore a ski mask for disguise,the prowler wore a ski mask for disguise
feet,feet
ease,ease
i wanted to be an actress,i wanted to be an actress
peas,peas
the singer's finger had a splinter,the singer's finger had a splinter
blend,blend
add,add
cat,cat
he'll sell them by the box,he'll sell them by the box
lies,lies
seat,seat
is,is
mile,mile
be prepared for odd behavior from friendds,be prepared for odd behavior from friends
cheese,cheese
wax,wax
see,see
rakes,rakes
ticks,ticks
i had no desire to change my ways,i had no desire to change my ways
aches,aches
now i'm living exactly as i choose,now i'm living exactly as i choose
air,air
aid,aid
rip,rip
rake,rake
tile,tile
low,low
chop,chop
end,end
the job also covers a number of other items,the job also covers a number of other items
he has played very well,he has played very well
bunch,bunch
ache,ache
tall,tall
tile,tile
chocolate and roses never fail as a romantic gift,chocolate and roses never fail as a romantic gift
pill,pill
begin by trying to speak up more,begin by trying to speak up more
the structures housing the apartments are of masonry and,the structures housing the apartments are of masonry and frame construction
arm,arm
hail,hail
charm,charm
pat,pat
are,are
knock,knock
heat,heat
steak,steak
bun,bun
try to work things out,try to work things out
pat,pat
steak,steak
seed,seed
fat,fat
had,had
even a simple vocabulary contains symbols,even a simple vocabulary contains symbols
even a simple vocabulary contains symbols,even a simple vocabulary contains symbols
take,take
this he added brought about petty jealousies and pett oas,this he added brought about petty jealousies and petty personal grievances
this he added brought about petty jealousies and peteee,this he added brought about petty jealousies and petty personal grievances
range was a vital detail,range was a vital detail
leap,leap
bunch,bunch
ease,ease
fell,fell
is,is
we know we can score,we know we can score
lip,lip
we talked about the situation,we talked about the situation
pet,pet
sticks,sticks
hat,hat
we shelled clams for the chowder,we shelled clams for the chowder
rise,rise
chap,chap
dock,dock
weave,weave
form,form
porcupines resemble sea urchins,porcupines resemble sea urchins
the staff deserves a lot of credit working down here under,the staff deserves a lot of credit working down here under real obstacles
bed,bed
the new highway is straight and empty,the new highway is straight and empty
last year's gas shortage caused steep,last year's gas shortage caused steep
last year's gas shortage caused steep price increases,last year's gas shortage caused steep price increases
owe,owe
pad,pad
sail,sail
spring street is straight ahead,spring street is straight ahead
cable confirmation it said translated,cable confirmation it said translated
hall,hall
he noted the fact carefully,he noted the fact carefully
sink,sink
pink,pink
hall,hall
hand,hand
regular attendance is seldom required,regular attendance is seldom required
burn,burn
we knew we weren't doing well,we knew we weren't doing well
corn,corn
fold,fold
harm,harm
it was a huge part of my life,it was a huge part of my life
wack,wack
dash,dash
she will order the wine,she will order the wine
tip,tip
was,was
wine,wine
wives,wives
tail,tail
when you are through write a clean report,when you are through write a clean report
wipe,wipe
challenge each general's intelligence,challenge each general's intelligence
eyes,eyes
docks,docks
he took heart and played,he took heart and played
the snow blew into large drifts,the snow blew into large drifts
hail,hail
pat,pat
torn,torn
hold,hold
we're all disappointed with our start,we're all disappointed with our start
hash,hash
luke,luke
wise,wise
handle it any way you have to,handle it any way you have to
fork,fork
farm,farm
blow,blow
row,row
continental drift is a geological theory,continental drift is a geological theory
pant,pant
waste,waste
hail,hail
whip,whip
wax,wax
term,term
sort,sort
rise,rise
he can't abide mistakes in his own game,he can't abide mistakes in his own game
pad,pad
low,low
had,had
cork,cork
hold,hold
dock,dock
leak,leak
born,born
hat,hat
the store serves meals every day,the store serves meals every day
had,had
wide,wide
it was time to go up myself,it was time to go up myself
heat,heat
we've done it in the past,we've done it in the past
cold,cold
a few may be hard to find,a few may be hard to find
weep,weep
tort,tort
short,short
sink,sink
we got drenched from the uninterrupted rain,we got drenched from the uninterrupted rain
you have to expect a few bad calls,you have to expect a few bad calls
there is such a program,there is such a program
cake,cake
hid,hid
they'l never fit me again,they'll never fit me again
they received all the things they needed,they received all the things they needed
feed,feed
blow,blow
did you eat yet,did you eat yet
ache,ache
ball,ball
both cars were slightly damaged,both cars were slightly damaged
all,all
horn,horn
that,that
win,win
seed,seed
hate,hate
hall,hall
ink,ink
upgrade your status to reflect your wealth,upgrade your status to reflect your wealth
eat your raisins outdoors on the porch steps,eat your raisins outdoors on the porch steps
wart,wart
the family requests that flowers be omitted,the family requests that flowers be omitted
ship,ship
why,why
tall,tall
